chr22	16096048	16096602	555	27	343	0.618	0.51
chr22	16096918	16097083	166	7	96	0.578	0.523
chr22	16097227	16097940	714	42	448	0.627	0.598
chr22	16122659	16123497	839	58	540	0.644	0.668
chr22	16155780	16157985	2206	197	1509	0.684	0.764
chr22	16192711	16193099	389	32	259	0.666	0.745
chr22	16200191	16202154	1964	98	1282	0.653	0.472
chr22	16216496	16218123	1628	90	1074	0.66	0.531
chr22	16227377	16227533	157	9	93	0.592	0.654
chr22	16228206	16228802	597	40	395	0.662	0.612
chr22	16255744	16256007	264	11	157	0.595	0.476
chr22	16287438	16288001	564	21	327	0.58	0.45
chr22	16288145	16288702	558	74	358	0.642	1.289
chr22	16365255	16365331	77	4	40	0.519	0.821
chr22	16374579	16374878	300	26	216	0.72	0.671
chr22	16404370	16404740	371	34	263	0.709	0.771
chr22	16405002	16405055	54	5	37	0.685	0.789
chr22	16414330	16414636	307	11	180	0.586	0.419
chr22	16415321	16415633	313	10	150	0.479	0.558
chr22	16423915	16424109	195	23	150	0.769	0.818
chr22	16466576	16467160	585	58	437	0.747	0.712
chr22	16467424	16468204	781	48	472	0.604	0.673
chr22	16867413	16868169	757	91	524	0.692	1.159
chr22	16871614	16871744	131	10	93	0.71	0.72
chr22	16884357	16884657	301	19	181	0.601	0.708
chr22	16904358	16904655	298	18	191	0.641	0.604
chr22	17001080	17002257	1178	116	821	0.697	0.826
chr22	17037705	17037918	214	10	98	0.458	0.895
chr22	17081987	17083343	1357	195	1062	0.783	0.939
chr22	17083489	17083597	109	17	80	0.734	1.22
chr22	17083727	17084235	509	29	263	0.517	0.873
chr22	17089876	17090082	207	16	140	0.676	0.708
chr22	17090420	17091225	806	87	573	0.711	0.855
chr22	17092994	17093119	126	6	71	0.563	0.601
chr22	17093585	17093770	186	9	97	0.522	0.849
chr22	17178520	17178779	260	22	165	0.635	0.846
chr22	17198699	17199059	361	21	221	0.612	0.633
chr22	17228792	17228931	140	10	82	0.586	0.845
chr22	17229087	17229680	594	41	380	0.64	0.676
chr22	17488317	17489315	999	66	660	0.661	0.615
chr22	17516977	17517218	242	20	176	0.727	0.625
chr22	17517329	17518466	1138	78	786	0.691	0.576
chr22	17564646	17564996	351	25	213	0.607	0.848
chr22	17565580	17566991	1412	154	1030	0.729	0.826
chr22	17589441	17590769	1329	98	907	0.682	0.634
chr22	17590927	17591073	147	6	74	0.503	0.644
chr22	17600598	17602863	2266	250	1670	0.737	0.822
chr22	17627300	17628810	1511	123	938	0.621	0.993
chr22	17639331	17640888	1558	159	1037	0.666	0.924
chr22	17652383	17652999	617	71	463	0.75	0.819
chr22	17679497	17679740	244	14	149	0.611	0.618
chr22	17694399	17694587	189	10	98	0.519	0.809
chr22	17849475	17850734	1260	109	849	0.674	0.763
chr22	17850883	17851019	137	8	66	0.482	1.006
chr22	17897733	17898237	505	35	337	0.667	0.624
chr22	18028111	18028270	160	9	96	0.6	0.648
chr22	18040510	18041175	666	51	463	0.695	0.634
chr22	18064052	18064178	127	10	83	0.654	0.743
chr22	18064545	18064732	188	11	120	0.638	0.574
chr22	18111200	18111662	463	34	286	0.618	0.771
chr22	18121127	18121939	813	70	515	0.633	0.859
chr22	18222011	18222545	535	28	356	0.665	0.473
chr22	18231441	18231607	167	19	122	0.731	0.893
chr22	18232698	18233138	441	25	293	0.664	0.514
chr22	18256647	18257378	732	92	577	0.788	0.811
chr22	18260010	18260453	444	20	244	0.55	0.599
chr22	18265299	18265461	163	8	89	0.546	0.697
chr22	18270837	18271051	215	11	119	0.553	0.67
chr22	18271272	18271493	222	11	115	0.518	0.755
chr22	18271696	18271969	274	18	172	0.628	0.68
chr22	18273055	18273390	336	18	207	0.616	0.565
chr22	18274050	18274159	110	9	72	0.655	0.764
chr22	18275783	18275923	141	13	93	0.66	0.856
chr22	18277967	18278231	265	9	140	0.528	0.488
chr22	18286562	18286857	296	12	153	0.517	0.607
chr22	18297601	18297794	194	13	121	0.624	0.8
chr22	18300072	18301247	1176	76	789	0.671	0.576
chr22	18306903	18307178	276	11	160	0.58	0.475
chr22	18309167	18310112	946	36	508	0.537	0.529
chr22	18310347	18310440	94	7	66	0.702	0.642
chr22	18324607	18324722	116	9	78	0.672	0.698
chr22	18325408	18325550	143	9	92	0.643	0.619
chr22	18354648	18355123	476	22	282	0.592	0.528
chr22	18357654	18357772	119	5	64	0.538	0.582
chr22	18358151	18358303	153	11	91	0.595	0.954
chr22	18362877	18363150	274	13	156	0.569	0.586
chr22	18483267	18484544	1278	141	909	0.711	0.874
chr22	18506463	18506897	435	33	286	0.657	0.709
chr22	18507047	18507713	667	58	449	0.673	0.773
chr22	18524281	18525137	857	60	588	0.686	0.599
chr22	18531216	18531505	290	27	176	0.607	1.041
chr22	18536200	18536497	298	32	227	0.762	0.74
chr22	18560434	18561411	978	86	628	0.642	0.854
chr22	18574895	18575187	293	13	173	0.59	0.51
chr22	18593153	18594198	1046	97	730	0.698	0.777
chr22	18620756	18620897	142	8	73	0.514	0.853
chr22	18632771	18632973	203	24	142	0.7	0.968
chr22	18638341	18638652	312	31	230	0.737	0.734
chr22	18639360	18639544	185	13	103	0.557	0.926
chr22	18640353	18640500	148	9	91	0.615	0.653
chr22	18667681	18668112	432	24	196	0.454	1.089
chr22	18668247	18669119	873	87	508	0.582	1.177
chr22	18702578	18702992	415	37	325	0.783	0.594
chr22	18703295	18703562	268	17	173	0.646	0.61
chr22	18704177	18704913	737	37	444	0.602	0.559
chr22	18705223	18705361	139	11	101	0.727	0.604
chr22	18705904	18706521	618	33	411	0.665	0.488
chr22	18736959	18738612	1654	128	835	0.505	1.215
chr22	18820976	18821281	306	36	218	0.712	0.945
chr22	18833840	18834073	234	27	149	0.637	1.141
chr22	18859465	18859866	402	25	186	0.463	1.165
chr22	18860014	18861145	1132	131	740	0.654	1.086
chr22	18887812	18888353	542	41	385	0.71	0.601
chr22	18893157	18894418	1262	122	864	0.685	0.829
chr22	18922832	18923209	378	14	216	0.571	0.465
chr22	18923451	18923873	423	61	329	0.778	0.956
chr22	18927196	18927280	85	10	49	0.576	1.431
chr22	18957724	18958722	999	120	767	0.768	0.816
chr22	18959051	18959195	145	11	92	0.634	0.777
chr22	18979741	18979849	109	11	74	0.679	0.908
chr22	18981694	18982044	351	19	227	0.647	0.519
chr22	18985583	18985701	119	12	64	0.538	1.407
chr22	19016854	19017843	990	140	772	0.78	0.933
chr22	19019722	19019873	152	15	100	0.658	0.943
chr22	19028643	19028745	103	9	62	0.602	1.016
chr22	19071279	19072354	1076	84	751	0.698	0.643
chr22	19109076	19110321	1246	133	902	0.724	0.82
chr22	19118918	19119901	984	54	569	0.578	0.662
chr22	19131607	19132434	828	56	486	0.587	0.794
chr22	19136190	19136875	686	53	461	0.672	0.684
chr22	19137004	19138858	1855	214	1371	0.739	0.854
chr22	19157026	19157410	385	37	233	0.605	1.053
chr22	19158736	19159712	977	85	686	0.702	0.708
chr22	19165128	19166817	1690	202	1277	0.756	0.837
chr22	19278695	19280143	1449	130	964	0.665	0.811
chr22	19418719	19420308	1590	200	1153	0.725	0.958
chr22	19434817	19435557	741	95	524	0.707	1.028
chr22	19466175	19466815	641	56	430	0.671	0.781
chr22	19467011	19467812	802	59	484	0.603	0.834
chr22	19510901	19512255	1355	148	959	0.708	0.873
chr22	19554053	19554832	780	56	486	0.623	0.74
chr22	19608264	19608586	323	14	188	0.582	0.518
chr22	19620279	19620430	152	11	95	0.625	0.755
chr22	19629059	19629182	124	10	78	0.629	0.817
chr22	19644074	19644206	133	10	90	0.677	0.658
chr22	19701584	19702465	882	124	692	0.785	0.914
chr22	19705362	19706714	1353	179	1023	0.756	0.926
chr22	19709168	19709550	383	35	257	0.671	0.812
chr22	19709696	19712107	2412	237	1703	0.706	0.789
chr22	19712712	19715312	2601	290	1827	0.702	1.165
chr22	19718255	19718737	483	40	336	0.696	0.703
chr22	19724425	19724525	101	9	69	0.683	0.859
chr22	19742741	19744654	1914	158	1306	0.682	0.715
chr22	19746188	19746370	183	24	139	0.76	0.91
chr22	19746959	19747566	608	43	411	0.676	0.63
chr22	19748048	19749586	1539	195	1133	0.736	0.935
chr22	19750851	19751003	153	12	95	0.621	0.816
chr22	19751293	19751411	119	10	76	0.639	0.824
chr22	19751654	19751910	257	23	175	0.681	0.801
chr22	19752591	19752727	137	10	82	0.599	0.839
chr22	19753253	19755014	1762	221	1294	0.734	0.945
chr22	19755678	19755790	113	7	74	0.655	0.585
chr22	19771863	19772183	321	19	209	0.651	0.559
chr22	19776300	19776449	150	17	104	0.693	0.956
chr22	19787114	19787202	89	6	60	0.674	0.604
chr22	19794192	19794368	177	10	97	0.548	0.753
chr22	19830640	19830884	245	13	130	0.531	0.757
chr22	19841975	19843153	1179	122	824	0.699	0.848
chr22	19867927	19868376	450	22	271	0.602	0.568
chr22	19868626	19868934	309	15	174	0.563	0.613
chr22	19879447	19879698	252	17	171	0.679	0.586
chr22	19879852	19879911	60	9	46	0.767	1.038
chr22	19880085	19880280	196	11	127	0.648	0.54
chr22	19894423	19895587	1165	73	744	0.639	0.666
chr22	19923304	19923382	79	5	40	0.506	0.997
chr22	19924705	19924845	141	4	65	0.461	0.534
chr22	19929167	19929469	303	47	238	0.785	1.013
chr22	19935196	19935520	325	14	180	0.554	0.563
chr22	19946634	19946991	358	19	220	0.615	0.562
chr22	19960569	19961709	1141	78	765	0.67	0.612
chr22	19967313	19967739	427	41	304	0.712	0.762
chr22	19974342	19974889	548	63	431	0.786	0.743
chr22	20003551	20004802	1252	165	933	0.745	0.953
chr22	20008420	20008987	568	69	414	0.729	0.926
chr22	20067294	20068367	1074	138	761	0.709	1.025
chr22	20073528	20073932	405	27	244	0.602	0.735
chr22	20103693	20104023	331	22	213	0.644	0.644
chr22	20104354	20105730	1377	164	990	0.719	0.924
chr22	20109676	20110152	477	19	264	0.553	0.524
chr22	20118594	20119774	1181	154	929	0.787	0.843
chr22	20127063	20127417	355	24	227	0.639	0.681
chr22	20130466	20131266	801	63	565	0.705	0.659
chr22	20132706	20132918	213	11	135	0.634	0.514
chr22	20133537	20133688	152	12	97	0.638	0.782
chr22	20142881	20143018	138	14	102	0.739	0.772
chr22	20226705	20226895	191	14	128	0.67	0.696
chr22	20229048	20230388	1341	88	910	0.679	0.579
chr22	20254572	20256028	1457	161	1081	0.742	0.803
chr22	20286047	20287680	1634	157	1179	0.722	0.783
chr22	20287887	20288288	402	17	233	0.58	0.521
chr22	20307110	20308027	918	109	655	0.714	0.938
chr22	20341935	20343065	1131	100	613	0.542	1.204
chr22	20343203	20343601	399	27	185	0.464	1.265
chr22	20377854	20380310	2457	221	1718	0.699	0.742
chr22	20427157	20428564	1408	172	1067	0.758	0.865
chr22	20459303	20461425	2123	225	1498	0.706	0.853
chr22	20483696	20484770	1075	147	828	0.77	0.928
chr22	20486492	20486636	145	14	99	0.683	0.848
chr22	20500335	20500939	605	33	406	0.671	0.489
chr22	20501938	20502688	751	39	456	0.607	0.567
chr22	20503285	20503518	234	14	147	0.628	0.607
chr22	20503823	20504257	435	39	340	0.782	0.606
chr22	20639007	20640955	1949	148	980	0.503	1.203
chr22	20671191	20671851	661	35	431	0.652	0.505
chr22	20672376	20672495	120	9	89	0.742	0.547
chr22	20672818	20673554	737	37	447	0.607	0.551
chr22	20674164	20674404	241	15	153	0.635	0.618
chr22	20674749	20675129	381	35	302	0.793	0.611
chr22	20708739	20716569	7831	1208	5306	0.678	1.347
chr22	20746723	20747165	443	45	330	0.745	0.733
chr22	20748116	20748802	687	72	455	0.662	0.957
chr22	20759744	20760924	1181	105	788	0.667	0.803
chr22	20772689	20772944	256	26	178	0.695	0.842
chr22	20778368	20779132	765	34	490	0.641	0.435
chr22	20779387	20780545	1159	153	869	0.75	0.948
chr22	20783467	20784397	931	82	630	0.677	0.772
chr22	20784723	20786202	1480	161	1049	0.709	0.868
chr22	20790675	20792666	1992	204	1443	0.724	0.797
chr22	20819347	20819553	207	13	131	0.633	0.628
chr22	20849312	20850400	1089	138	822	0.755	0.89
chr22	20850897	20851064	168	15	97	0.577	1.072
chr22	20861701	20862704	1004	72	618	0.616	0.773
chr22	20928178	20928267	90	8	57	0.633	0.887
chr22	20940815	20941041	227	15	153	0.674	0.614
chr22	21022015	21022714	700	73	494	0.706	0.838
chr22	21024801	21025607	807	78	587	0.727	0.731
chr22	21043714	21043970	257	27	164	0.638	1.036
chr22	21056301	21058794	2494	217	1747	0.7	0.714
chr22	21081569	21081754	186	9	119	0.64	0.512
chr22	21088383	21088543	161	9	99	0.615	0.614
chr22	21133867	21134067	201	13	102	0.507	1.054
chr22	21212473	21213695	1223	129	881	0.72	0.827
chr22	21271411	21272617	1207	133	836	0.693	0.919
chr22	21311360	21312237	878	81	624	0.711	0.737
chr22	21319251	21319810	560	72	446	0.796	0.829
chr22	21333627	21334098	472	33	307	0.65	0.681
chr22	21336236	21336866	631	81	447	0.708	1.031
chr22	21355792	21356786	995	114	671	0.674	1.009
chr22	21368240	21368767	528	48	355	0.672	0.812
chr22	21385336	21386011	676	39	421	0.623	0.6
chr22	21386595	21386991	397	40	292	0.736	0.809
chr22	21400016	21400468	453	37	301	0.664	0.754
chr22	21421994	21422160	167	7	95	0.569	0.55
chr22	21482335	21482569	235	23	147	0.626	1.018
chr22	21496607	21496928	322	40	233	0.724	0.979
chr22	21505669	21506065	397	36	314	0.791	0.605
chr22	21537615	21539049	1435	170	941	0.656	1.106
chr22	21539186	21539584	399	27	187	0.469	1.238
chr22	21622238	21622522	285	35	206	0.723	0.97
chr22	21636565	21636798	234	26	148	0.632	1.113
chr22	21662147	21662593	447	30	210	0.47	1.219
chr22	21662729	21663774	1046	121	671	0.641	1.129
chr22	21695135	21695549	415	38	325	0.783	0.61
chr22	21695862	21696119	258	15	163	0.632	0.585
chr22	21696719	21697473	755	40	454	0.601	0.592
chr22	21697810	21697919	110	10	82	0.745	0.669
chr22	21698552	21699066	515	28	343	0.666	0.493
chr22	21712834	21712946	113	10	78	0.69	0.761
chr22	21714705	21715789	1085	144	833	0.768	0.904
chr22	21738067	21740177	2111	221	1484	0.703	0.849
chr22	21770957	21772362	1406	171	1064	0.757	0.86
chr22	21799232	21800034	803	38	523	0.651	0.451
chr22	21800438	21801466	1029	66	675	0.656	0.596
chr22	21801750	21801869	120	9	87	0.725	0.593
chr22	21803264	21803372	109	6	63	0.578	0.68
chr22	21821588	21824094	2507	221	1751	0.698	0.729
chr22	21871137	21872543	1407	171	1069	0.76	0.855
chr22	21903267	21905378	2112	223	1489	0.705	0.851
chr22	21921879	21923009	1131	98	741	0.655	0.808
chr22	21977330	21977599	270	12	142	0.526	0.649
chr22	21982853	21984485	1633	165	1156	0.708	0.807
chr22	21986878	21987365	488	24	303	0.621	0.538
chr22	21996282	21997488	1207	117	830	0.688	0.835
chr22	22005888	22006203	316	24	208	0.658	0.702
chr22	22006339	22006747	409	38	283	0.692	0.793
chr22	22006867	22007049	183	22	134	0.732	0.897
chr22	22011589	22012610	1022	103	716	0.701	0.824
chr22	22020210	22020751	542	59	351	0.648	1.061
chr22	22031267	22031860	594	44	409	0.689	0.625
chr22	22057703	22058305	603	36	395	0.655	0.558
chr22	22068516	22068754	239	14	145	0.607	0.637
chr22	22089791	22090910	1120	154	859	0.767	0.943
chr22	22201413	22202207	795	64	555	0.698	0.661
chr22	22221056	22222368	1313	166	918	0.699	1.037
chr22	22237839	22239004	1166	88	836	0.717	0.587
chr22	22287854	22288122	269	20	172	0.639	0.761
chr22	22288352	22288475	124	10	79	0.637	0.81
chr22	22292130	22292876	747	46	482	0.645	0.592
chr22	22306422	22307403	982	78	694	0.707	0.651
chr22	22311659	22311857	199	16	126	0.633	0.802
chr22	22316852	22317058	207	10	140	0.676	0.427
chr22	22318363	22318540	178	10	112	0.629	0.568
chr22	22337009	22337376	368	45	259	0.704	1.01
chr22	22469167	22469849	683	73	484	0.709	0.851
chr22	22471943	22472728	786	80	576	0.733	0.759
chr22	22478452	22478686	235	13	145	0.617	0.627
chr22	22557665	22558108	444	25	287	0.646	0.539
chr22	22577767	22577913	147	14	96	0.653	0.893
chr22	22611712	22612058	347	15	178	0.513	0.657
chr22	22636868	22637045	178	16	104	0.584	1.06
chr22	22651763	22652547	785	76	543	0.692	0.811
chr22	22795775	22796320	546	39	376	0.689	0.607
chr22	22818518	22818580	63	5	32	0.508	1.275
chr22	22818763	22818973	211	8	107	0.507	0.59
chr22	22862624	22863211	588	67	421	0.716	0.89
chr22	22899288	22900081	794	41	459	0.578	0.619
chr22	22901338	22901699	362	26	230	0.635	0.73
chr22	22986966	22987215	250	25	158	0.632	1.015
chr22	23358419	23358548	130	10	80	0.615	0.831
chr22	23359208	23359607	400	41	306	0.765	0.701
chr22	23411932	23413598	1667	176	1192	0.715	0.842
chr22	23437577	23437722	146	12	97	0.664	0.755
chr22	23437922	23438538	617	47	386	0.626	0.783
chr22	23465441	23465578	138	10	78	0.565	0.922
chr22	23483998	23484276	279	25	190	0.681	0.778
chr22	23487433	23487899	467	47	321	0.687	0.876
chr22	23522226	23524450	2225	253	1589	0.714	0.893
chr22	23604869	23605552	684	55	475	0.694	0.749
chr22	23730371	23730465	95	11	71	0.747	0.85
chr22	23741921	23742438	518	33	345	0.666	0.588
chr22	23744570	23745099	530	70	414	0.781	0.898
chr22	23756930	23757281	352	23	237	0.673	0.577
chr22	23775519	23775929	411	19	259	0.63	0.467
chr22	23776130	23776240	111	8	83	0.748	0.519
chr22	23776818	23777473	656	32	405	0.617	0.512
chr22	23779890	23780656	767	35	404	0.527	0.658
chr22	23789088	23789354	267	17	173	0.648	0.607
chr22	23789487	23790005	519	19	278	0.536	0.514
chr22	23791590	23792097	508	29	291	0.573	0.699
chr22	23792587	23792769	183	12	115	0.628	0.665
chr22	23793320	23793548	229	12	153	0.668	0.475
chr22	23793737	23794366	630	27	377	0.598	0.479
chr22	23799234	23799499	266	13	180	0.677	0.428
chr22	23799684	23799803	120	8	77	0.642	0.681
chr22	23801103	23801630	528	50	343	0.65	0.899
chr22	23802624	23802923	300	20	207	0.69	0.571
chr22	23863294	23863525	232	15	124	0.534	0.962
chr22	23863761	23864346	586	65	412	0.703	0.905
chr22	23864887	23865120	234	23	166	0.709	0.784
chr22	23881743	23881943	201	13	110	0.547	0.888
chr22	23903266	23903375	110	12	93	0.845	0.611
chr22	23908167	23909179	1013	94	707	0.698	0.774
chr22	24059056	24059644	589	69	417	0.708	0.945
chr22	24086120	24086713	594	24	332	0.559	0.523
chr22	24093056	24093611	556	70	421	0.757	0.879
chr22	24105674	24105955	282	18	171	0.606	0.695
chr22	24109653	24110996	1344	108	939	0.699	0.659
chr22	24114925	24115452	528	66	403	0.763	0.862
chr22	24129128	24129752	625	87	454	0.726	1.055
chr22	24180550	24181776	1227	106	809	0.659	0.798
chr22	24191615	24192168	554	46	382	0.69	0.706
chr22	24196193	24197959	1767	135	1332	0.754	0.538
chr22	24199125	24200409	1285	100	807	0.628	0.79
chr22	24224762	24225019	258	17	173	0.671	0.59
chr22	24236292	24237713	1422	141	970	0.682	0.858
chr22	24256049	24256400	352	32	242	0.688	0.771
chr22	24278799	24279496	698	48	473	0.678	0.599
chr22	24291983	24292176	194	11	130	0.67	0.57
chr22	24303183	24303818	636	48	426	0.67	0.678
chr22	24308581	24309680	1100	91	699	0.635	0.82
chr22	24316067	24317165	1099	91	699	0.636	0.82
chr22	24321928	24322577	650	47	441	0.678	0.637
chr22	24333557	24333746	190	12	129	0.679	0.617
chr22	24372803	24373713	911	75	584	0.641	0.804
chr22	24383954	24384428	475	29	292	0.615	0.649
chr22	24407519	24408443	925	77	590	0.638	0.819
chr22	24461631	24461839	209	19	128	0.612	0.975
chr22	24551888	24552912	1025	111	735	0.717	0.852
chr22	24581701	24582255	555	39	374	0.674	0.624
chr22	24647400	24647624	225	22	140	0.622	1.01
chr22	24666461	24667471	1011	106	727	0.719	0.815
chr22	24712902	24714383	1482	109	1084	0.731	0.55
chr22	24810563	24810738	176	14	112	0.636	0.798
chr22	24811022	24811225	204	12	131	0.642	0.572
chr22	24819632	24820990	1359	159	1014	0.746	0.87
chr22	24829489	24829678	190	13	118	0.621	0.746
chr22	24890196	24891454	1259	106	844	0.67	0.751
chr22	24950483	24952132	1650	126	1085	0.658	0.708
chr22	24988656	24989280	625	83	483	0.773	0.906
chr22	25055122	25055374	253	24	159	0.628	0.978
chr22	25081888	25082113	226	26	171	0.757	0.808
chr22	25102488	25102583	96	7	48	0.5	1.185
chr22	25108228	25108386	159	13	105	0.66	0.751
chr22	25159912	25160195	284	27	190	0.669	0.871
chr22	25202033	25202554	522	68	398	0.762	0.9
chr22	25294202	25294401	200	9	125	0.625	0.474
chr22	25348224	25349745	1522	140	1074	0.706	0.749
chr22	25424052	25424551	500	29	336	0.672	0.514
chr22	25435027	25435631	605	25	343	0.567	0.516
chr22	25466081	25466230	150	10	98	0.653	0.626
chr22	25507227	25507794	568	36	395	0.695	0.525
chr22	25574988	25575487	500	49	335	0.67	0.874
chr22	25631939	25632099	161	16	116	0.72	0.769
chr22	25673688	25674463	776	50	518	0.668	0.579
chr22	25677931	25679274	1344	116	902	0.671	0.772
chr22	25746724	25746828	105	11	80	0.762	0.823
chr22	25755979	25756112	134	9	83	0.619	0.705
chr22	25761570	25761839	270	15	166	0.615	0.598
chr22	25763736	25764223	488	26	299	0.613	0.6
chr22	25800608	25801603	996	142	789	0.792	0.91
chr22	25815731	25816016	286	13	155	0.542	0.622
chr22	25816459	25817538	1080	97	752	0.696	0.749
chr22	25844048	25844233	186	15	123	0.661	0.752
chr22	25959878	25961369	1492	143	1020	0.684	0.828
chr22	26138195	26138506	312	18	168	0.538	0.826
chr22	26148755	26149869	1115	76	674	0.604	0.746
chr22	26422576	26423591	1016	53	595	0.586	0.609
chr22	26565231	26566113	883	100	649	0.735	0.85
chr22	26750894	26750977	84	8	53	0.631	1.135
chr22	26756889	26756985	97	4	48	0.495	0.719
chr22	26824671	26825681	1011	126	729	0.721	0.966
chr22	26829592	26830540	949	52	565	0.595	0.623
chr22	26853845	26854127	283	18	180	0.636	0.633
chr22	26879508	26880101	594	73	429	0.722	0.947
chr22	26895231	26895455	225	16	139	0.618	0.752
chr22	26908247	26908616	370	32	234	0.632	0.865
chr22	26936857	26937582	726	56	481	0.663	0.707
chr22	26985552	26986265	714	97	558	0.782	0.899
chr22	27041172	27041269	98	14	75	0.765	0.977
chr22	27053110	27053769	660	56	452	0.685	0.733
chr22	27053934	27054299	366	18	214	0.585	0.576
chr22	27054652	27054809	158	15	104	0.658	0.904
chr22	27068690	27069022	333	19	181	0.544	0.774
chr22	27152728	27153051	324	38	225	0.694	0.98
chr22	27163188	27163281	94	7	48	0.511	1.144
chr22	27163874	27164047	174	7	84	0.483	0.69
chr22	27168713	27169744	1032	83	814	0.789	0.517
chr22	27179966	27180142	177	8	87	0.492	0.76
chr22	27283196	27283392	197	11	99	0.503	0.885
chr22	27299265	27299663	399	23	240	0.602	0.717
chr22	27308931	27309094	164	9	96	0.585	0.676
chr22	27310741	27310993	253	15	140	0.553	0.843
chr22	27486745	27486817	73	5	51	0.699	0.567
chr22	27518706	27518817	112	5	56	0.5	0.723
chr22	27692282	27692574	293	14	160	0.546	0.646
chr22	27695452	27695537	86	8	53	0.616	1.124
chr22	27707153	27707625	473	21	260	0.55	0.61
chr22	27795208	27795432	225	13	128	0.569	0.725
chr22	27816990	27817206	217	14	137	0.631	0.653
chr22	27838548	27838666	119	7	63	0.529	0.905
chr22	27936812	27937216	405	18	207	0.511	0.681
chr22	27937565	27937921	357	16	190	0.532	0.643
chr22	27973174	27973636	463	18	249	0.538	0.539
chr22	28010274	28010562	289	42	203	0.702	1.179
chr22	28035055	28035232	178	13	100	0.562	0.944
chr22	28073984	28074195	212	14	117	0.552	0.87
chr22	28140189	28140504	316	18	196	0.62	0.618
chr22	28181302	28181426	125	11	78	0.624	0.934
chr22	28181612	28182010	399	12	198	0.496	0.514
chr22	28186773	28186880	108	9	64	0.593	0.953
chr22	28192841	28195466	2626	242	1827	0.696	0.762
chr22	28195715	28198593	2879	268	1981	0.688	0.788
chr22	28198828	28198989	162	10	87	0.537	0.933
chr22	28200563	28200845	283	16	170	0.601	0.627
chr22	28314402	28315930	1529	125	980	0.641	0.804
chr22	28394816	28394987	172	12	114	0.663	0.642
chr22	28788562	28788805	244	16	144	0.59	0.768
chr22	28838195	28839275	1081	51	659	0.61	0.509
chr22	28948946	28949728	783	57	538	0.687	0.618
chr22	29059343	29059601	259	20	154	0.595	0.881
chr22	29075012	29076220	1209	149	861	0.712	1
chr22	29137598	29138561	964	65	589	0.611	0.726
chr22	29168639	29169499	861	94	590	0.685	0.931
chr22	29196047	29196953	907	94	616	0.679	0.905
chr22	29278973	29281009	2037	219	1423	0.699	0.894
chr22	29426634	29426874	241	18	171	0.71	0.709
chr22	29445280	29446114	835	54	571	0.684	0.567
chr22	29446292	29446653	362	24	250	0.691	0.556
chr22	29467379	29467916	538	51	366	0.68	0.838
chr22	29468706	29470226	1521	153	1127	0.741	0.753
chr22	29533334	29533547	214	11	133	0.621	0.539
chr22	29601548	29602286	739	90	571	0.773	0.82
chr22	29663655	29665437	1783	152	1137	0.638	0.839
chr22	29702323	29703637	1315	118	918	0.698	0.737
chr22	29704082	29704721	640	56	445	0.695	0.725
chr22	29706642	29706956	315	17	210	0.667	0.487
chr22	29707524	29708222	699	46	501	0.717	0.516
chr22	29709333	29710446	1114	85	708	0.636	0.777
chr22	29710567	29712047	1481	169	1065	0.719	0.891
chr22	29784047	29784770	724	65	493	0.681	0.776
chr22	29811265	29811506	242	12	144	0.595	0.563
chr22	29866242	29866639	398	36	269	0.676	0.793
chr22	29875976	29877243	1268	175	939	0.741	1.009
chr22	29947919	29948673	755	59	536	0.71	0.621
chr22	29949521	29949991	471	34	298	0.633	0.723
chr22	29976963	29977264	302	32	214	0.709	0.853
chr22	29994107	29994539	433	43	312	0.721	0.765
chr22	29999138	30000141	1004	94	680	0.677	0.817
chr22	30039881	30040784	904	73	636	0.704	0.653
chr22	30115935	30117150	1216	175	959	0.789	0.928
chr22	30125406	30125618	213	18	141	0.662	0.801
chr22	30162890	30163107	218	22	142	0.651	0.954
chr22	30163351	30163717	367	32	215	0.586	1.021
chr22	30221042	30221202	161	8	90	0.559	0.657
chr22	30221667	30221868	202	12	111	0.55	0.789
chr22	30233975	30234515	541	46	361	0.667	0.776
chr22	30253826	30254830	1005	79	716	0.712	0.62
chr22	30279072	30279855	784	86	585	0.746	0.804
chr22	30338426	30338608	183	9	90	0.492	0.813
chr22	30462277	30462913	637	41	433	0.68	0.559
chr22	30476031	30476527	497	47	341	0.686	0.808
chr22	30639815	30639981	167	11	107	0.641	0.685
chr22	30642239	30642655	417	49	296	0.71	0.96
chr22	30649169	30649278	110	7	69	0.627	0.689
chr22	30662874	30663036	163	10	101	0.62	0.654
chr22	30684866	30686064	1199	104	820	0.684	0.747
chr22	30722486	30723291	806	92	596	0.739	0.838
chr22	30752351	30753215	865	95	573	0.662	1.003
chr22	30783059	30783621	563	80	449	0.798	0.913
chr22	30792948	30793313	366	36	267	0.73	0.742
chr22	30819400	30820447	1048	70	664	0.634	0.666
chr22	30821679	30822400	722	60	471	0.652	0.794
chr22	30901351	30901717	367	29	260	0.708	0.634
chr22	30938073	30938786	714	57	491	0.688	0.682
chr22	30938948	30939263	316	15	187	0.592	0.546
chr22	30950959	30952015	1057	99	689	0.652	0.893
chr22	30970471	30970853	383	60	319	0.833	0.956
chr22	30987459	30987937	479	35	278	0.58	0.923
chr22	30988191	30988385	195	20	121	0.621	1.099
chr22	30992747	30993053	307	27	227	0.739	0.651
chr22	31027638	31028364	727	55	488	0.671	0.673
chr22	31030944	31032945	2002	128	1363	0.681	0.555
chr22	31063415	31064348	934	80	612	0.655	0.815
chr22	31090223	31091358	1136	123	810	0.713	0.852
chr22	31198456	31199089	634	71	460	0.726	0.856
chr22	31218260	31218894	635	82	452	0.712	1.022
chr22	31219046	31219199	154	9	102	0.662	0.535
chr22	31266429	31266850	422	23	255	0.604	0.61
chr22	31301760	31302106	347	36	248	0.715	0.823
chr22	31317701	31317871	171	8	78	0.456	0.902
chr22	31318256	31318482	227	24	135	0.595	1.196
chr22	31364349	31365917	1569	157	1053	0.671	0.891
chr22	31422431	31423824	1394	107	1025	0.735	0.568
chr22	31476970	31477506	537	51	374	0.696	0.787
chr22	31480808	31481393	586	67	429	0.732	0.855
chr22	31484029	31484294	266	15	155	0.583	0.72
chr22	31489700	31489826	127	10	94	0.74	0.597
chr22	31494689	31495095	407	31	275	0.676	0.691
chr22	31500435	31501215	781	57	507	0.649	0.695
chr22	31503171	31503872	702	67	496	0.707	0.766
chr22	31522889	31523002	114	9	73	0.64	0.771
chr22	31556125	31556769	645	44	385	0.597	0.784
chr22	31579936	31580775	840	61	589	0.701	0.592
chr22	31608022	31608554	533	53	377	0.707	0.804
chr22	31672464	31673215	752	66	524	0.697	0.725
chr22	31686637	31687477	841	91	596	0.709	0.862
chr22	31687683	31687762	80	6	45	0.562	0.949
chr22	31741015	31743728	2714	274	1876	0.691	0.847
chr22	31795251	31796273	1023	78	626	0.612	0.815
chr22	31859761	31859898	138	8	80	0.58	0.736
chr22	31885185	31886624	1440	163	1002	0.696	0.939
chr22	31892037	31893068	1032	98	678	0.657	0.88
chr22	31987572	31989855	2284	174	1745	0.764	0.522
chr22	31992898	31993005	108	10	56	0.519	1.444
chr22	32026363	32026875	513	47	369	0.719	0.714
chr22	32057843	32058698	856	55	495	0.578	0.776
chr22	32072857	32073162	306	19	174	0.569	0.789
chr22	32145680	32146201	522	52	365	0.699	0.828
chr22	32149456	32150130	675	61	436	0.646	0.88
chr22	32339999	32341659	1661	171	1134	0.683	0.884
chr22	32366334	32366981	648	43	425	0.656	0.623
chr22	32439119	32439393	275	19	171	0.622	0.722
chr22	32571915	32572504	590	56	423	0.717	0.75
chr22	32587023	32587248	226	10	133	0.588	0.516
chr22	32598989	32600669	1681	106	1101	0.655	0.643
chr22	32601039	32601424	386	26	255	0.661	0.652
chr22	32665507	32666158	652	28	385	0.59	0.5
chr22	32666457	32666897	441	21	259	0.587	0.558
chr22	32667535	32667849	315	18	191	0.606	0.625
chr22	32668141	32668440	300	14	183	0.61	0.505
chr22	32696387	32696537	151	10	95	0.629	0.691
chr22	32727396	32727729	334	13	179	0.536	0.555
chr22	32735087	32735248	162	9	71	0.438	1.185
chr22	32749316	32750048	733	49	494	0.674	0.614
chr22	32750481	32750746	266	14	170	0.639	0.583
chr22	32807405	32807490	86	4	44	0.512	0.712
chr22	32807866	32808286	421	33	264	0.627	0.801
chr22	32870603	32871386	784	93	583	0.744	0.867
chr22	32899479	32900043	565	26	319	0.565	0.651
chr22	32901042	32901317	276	16	164	0.594	0.667
chr22	33197447	33198268	822	86	605	0.736	0.774
chr22	33453935	33454493	559	76	430	0.769	0.943
chr22	33706563	33706665	103	5	43	0.417	1.12
chr22	34046477	34046578	102	11	76	0.745	0.778
chr22	34253953	34254191	239	14	132	0.552	0.78
chr22	34315663	34318683	3021	313	2148	0.711	0.82
chr22	34318812	34318914	103	6	56	0.544	1.005
chr22	34951394	34951649	256	19	151	0.59	0.867
chr22	35021873	35022843	971	66	683	0.703	0.55
chr22	35079121	35079290	170	9	102	0.6	0.612
chr22	35080255	35081150	896	65	611	0.682	0.624
chr22	35653394	35654312	919	87	634	0.69	0.8
chr22	35695663	35696659	997	75	666	0.668	0.674
chr22	35746938	35747444	507	35	322	0.635	0.685
chr22	35767919	35768415	497	35	306	0.616	0.76
chr22	35777032	35777218	187	30	140	0.749	1.151
chr22	35795891	35796651	761	67	499	0.656	0.825
chr22	35820161	35820466	306	21	197	0.644	0.681
chr22	35843045	35843136	92	5	64	0.696	0.449
chr22	35936049	35937497	1449	153	1085	0.749	0.755
chr22	35942961	35943065	105	9	59	0.562	1.141
chr22	35947713	35947997	285	28	185	0.649	0.941
chr22	36055058	36055281	224	9	116	0.518	0.599
chr22	36089465	36089947	483	17	229	0.474	0.629
chr22	36091078	36091602	525	23	281	0.535	0.614
chr22	36091777	36092091	315	12	155	0.492	0.629
chr22	36092537	36093490	954	34	449	0.471	0.648
chr22	36095159	36095290	132	4	62	0.47	0.55
chr22	36097139	36097344	206	14	115	0.558	0.887
chr22	36123254	36123378	125	7	66	0.528	0.804
chr22	36424159	36425331	1173	152	897	0.765	0.887
chr22	36461916	36462544	629	47	391	0.622	0.776
chr22	36520166	36520271	106	14	78	0.736	0.976
chr22	36680197	36680530	334	25	228	0.683	0.665
chr22	36684904	36685250	347	15	220	0.634	0.45
chr22	36686751	36687169	419	36	308	0.735	0.637
chr22	36693672	36693876	205	12	109	0.532	0.828
chr22	36701538	36701725	188	9	92	0.489	0.825
chr22	36701872	36702135	264	16	171	0.648	0.58
chr22	36702517	36702623	107	8	69	0.645	0.727
chr22	36705039	36705167	129	12	90	0.698	0.765
chr22	36713044	36713263	220	14	117	0.532	0.903
chr22	36718451	36718695	245	20	165	0.673	0.724
chr22	36724753	36724877	125	7	76	0.608	0.621
chr22	36725855	36725937	83	4	41	0.494	0.794
chr22	36782773	36784640	1868	175	1311	0.702	0.761
chr22	36806030	36806638	609	48	375	0.616	0.844
chr22	36850911	36851467	557	60	400	0.718	0.839
chr22	36877521	36877708	188	19	132	0.702	0.848
chr22	36902031	36902719	689	63	469	0.681	0.792
chr22	36902886	36903344	459	63	347	0.756	0.962
chr22	36924959	36925629	671	72	435	0.648	1.021
chr22	36942431	36942554	124	6	76	0.613	0.539
chr22	36960370	36961055	686	51	430	0.627	0.808
chr22	37005449	37005664	216	13	134	0.62	0.628
chr22	37099122	37099806	685	66	468	0.683	0.827
chr22	37155791	37156367	577	22	303	0.525	0.563
chr22	37171793	37172715	923	62	573	0.621	0.699
chr22	37178177	37178521	345	18	200	0.58	0.621
chr22	37202592	37202734	143	7	78	0.545	0.66
chr22	37212698	37213007	310	33	227	0.732	0.794
chr22	37213177	37213406	230	22	169	0.735	0.711
chr22	37252593	37252731	139	16	84	0.604	1.272
chr22	37414354	37416090	1737	172	1228	0.707	0.794
chr22	37420264	37420892	629	83	449	0.714	1.038
chr22	37447640	37448536	897	87	647	0.721	0.759
chr22	37465090	37465281	192	26	139	0.724	1.034
chr22	37493793	37494129	337	28	235	0.697	0.733
chr22	37507729	37507890	162	9	89	0.549	0.736
chr22	37562513	37562665	153	10	96	0.627	0.667
chr22	37575873	37576139	267	14	155	0.581	0.623
chr22	37578305	37578642	338	24	201	0.595	0.803
chr22	37594588	37595886	1299	105	861	0.663	0.74
chr22	37603002	37603754	753	65	508	0.675	0.759
chr22	37622839	37623388	550	27	357	0.649	0.822
chr22	37655606	37655818	213	17	125	0.587	0.93
chr22	37720619	37721237	619	56	423	0.683	0.779
chr22	37730530	37731479	950	83	653	0.687	0.742
chr22	37749783	37750194	412	17	201	0.488	0.694
chr22	37768975	37771553	2579	190	1672	0.648	0.708
chr22	37790584	37790727	144	12	95	0.66	0.776
chr22	37815608	37816716	1109	105	776	0.7	0.797
chr22	37822284	37824097	1814	164	1275	0.703	0.762
chr22	37881153	37881345	193	10	122	0.632	0.623
chr22	37904469	37904577	109	7	81	0.743	0.482
chr22	37912097	37912202	106	10	80	0.755	0.741
chr22	37914859	37915884	1026	140	801	0.781	0.914
chr22	37956128	37957885	1758	191	1290	0.734	0.808
chr22	37962513	37962647	135	11	96	0.711	0.645
chr22	38003140	38003348	209	16	136	0.651	0.739
chr22	38004421	38005272	852	92	604	0.709	0.864
chr22	38035435	38035891	457	50	348	0.761	0.762
chr22	38054297	38055423	1127	151	797	0.707	1.073
chr22	38060972	38061776	805	38	470	0.584	0.556
chr22	38073038	38073413	376	30	260	0.691	0.667
chr22	38082319	38082797	479	45	319	0.666	0.852
chr22	38092881	38093015	135	8	86	0.637	0.6
chr22	38093381	38093500	120	13	83	0.692	0.906
chr22	38113092	38113202	111	8	63	0.568	0.949
chr22	38113979	38114223	245	24	185	0.755	0.695
chr22	38141684	38142960	1277	149	942	0.738	0.867
chr22	38153767	38154096	330	22	229	0.694	0.554
chr22	38182358	38183022	665	55	453	0.681	0.714
chr22	38198321	38199273	953	67	606	0.636	0.702
chr22	38199411	38200568	1158	52	694	0.599	0.506
chr22	38200691	38201773	1083	105	764	0.705	0.78
chr22	38203524	38204298	775	69	522	0.674	0.785
chr22	38213873	38214073	201	11	138	0.687	0.464
chr22	38214495	38215248	754	73	517	0.686	0.824
chr22	38220639	38221547	909	138	703	0.773	1.021
chr22	38239823	38240576	754	95	535	0.71	1.007
chr22	38245342	38245991	650	45	380	0.585	0.812
chr22	38301938	38303109	1172	151	901	0.769	0.872
chr22	38348800	38349297	498	27	276	0.554	0.709
chr22	38349503	38350193	691	53	434	0.628	0.797
chr22	38379162	38380425	1264	104	856	0.677	0.72
chr22	38434559	38435234	676	51	469	0.694	0.645
chr22	38453104	38453504	401	34	256	0.638	0.841
chr22	38470264	38470485	222	20	155	0.698	0.748
chr22	38470670	38471227	558	34	385	0.69	0.522
chr22	38476875	38478074	1200	135	873	0.728	0.851
chr22	38478483	38479255	773	53	526	0.68	0.599
chr22	38484730	38485913	1184	119	884	0.747	0.725
chr22	38516880	38516973	94	7	58	0.617	0.798
chr22	38528886	38529026	141	15	95	0.674	0.938
chr22	38577584	38578072	489	38	314	0.642	0.758
chr22	38597847	38598989	1143	150	845	0.739	0.976
chr22	38610365	38610871	507	70	369	0.728	1.043
chr22	38646156	38646290	135	13	99	0.733	0.733
chr22	38653392	38653580	189	9	95	0.503	0.761
chr22	38668433	38669386	954	109	681	0.714	0.903
chr22	38690384	38690511	128	16	98	0.766	0.853
chr22	38712703	38713889	1187	140	884	0.745	0.856
chr22	38732145	38732741	597	50	408	0.683	0.719
chr22	38749321	38749642	322	25	223	0.693	0.656
chr22	38793312	38793452	141	17	105	0.745	0.931
chr22	38793786	38795297	1512	182	1123	0.743	0.875
chr22	38805931	38806531	601	51	430	0.715	0.663
chr22	38808529	38809018	490	39	340	0.694	0.665
chr22	38822943	38824153	1211	96	780	0.644	0.764
chr22	38850801	38852315	1515	221	1209	0.798	0.945
chr22	38857662	38857856	195	29	137	0.703	1.208
chr22	38863882	38864264	383	52	289	0.755	0.957
chr22	38901494	38902960	1467	154	945	0.644	1.013
chr22	38903490	38903689	200	10	107	0.535	0.706
chr22	38965490	38966863	1374	93	851	0.619	0.714
chr22	39052135	39053090	956	79	617	0.645	0.807
chr22	39077809	39078401	593	62	412	0.695	0.875
chr22	39096458	39097755	1298	153	915	0.705	0.949
chr22	39101381	39102857	1477	129	928	0.628	0.89
chr22	39151299	39152431	1133	135	844	0.745	0.86
chr22	39173153	39173353	201	16	136	0.677	0.726
chr22	39189728	39190120	393	36	286	0.728	0.709
chr22	39202490	39203987	1498	120	1118	0.746	0.576
chr22	39232148	39232541	394	22	201	0.51	0.859
chr22	39239072	39240426	1355	202	1068	0.788	0.961
chr22	39262399	39263212	814	84	584	0.717	0.829
chr22	39267619	39269239	1621	173	1118	0.69	0.898
chr22	39323240	39323650	411	29	288	0.701	0.605
chr22	39407145	39407260	116	8	76	0.655	0.643
chr22	39408840	39409069	230	10	125	0.543	0.627
chr22	39418897	39419005	109	6	58	0.532	0.781
chr22	39439066	39439228	163	9	91	0.558	0.713
chr22	39475004	39475181	178	11	102	0.573	0.753
chr22	39496335	39496465	131	8	81	0.618	0.641
chr22	39496711	39497167	457	23	285	0.624	0.528
chr22	39520355	39520797	443	23	261	0.589	0.609
chr22	39530495	39530592	98	11	68	0.694	0.987
chr22	39540527	39542121	1595	142	1102	0.691	0.746
chr22	39548041	39549630	1590	181	1131	0.711	0.902
chr22	39627637	39627802	166	17	112	0.675	0.907
chr22	39632497	39633136	640	26	360	0.562	0.514
chr22	39637897	39640765	2869	308	2068	0.721	0.827
chr22	39714539	39714758	220	8	114	0.518	0.55
chr22	39714959	39716225	1267	90	725	0.572	0.886
chr22	39745542	39746635	1094	139	808	0.739	0.934
chr22	39753600	39754038	439	38	326	0.743	0.63
chr22	39754323	39754706	384	21	205	0.534	0.774
chr22	39756511	39756622	112	9	70	0.625	0.848
chr22	39770408	39770544	137	12	89	0.65	0.848
chr22	39784386	39785105	720	57	476	0.661	0.726
chr22	39795663	39796208	546	50	385	0.705	0.739
chr22	39801503	39801933	431	20	243	0.564	0.596
chr22	39829673	39830594	922	37	554	0.601	0.445
chr22	39852274	39854066	1793	231	1383	0.771	0.866
chr22	39883635	39884946	1312	128	883	0.673	0.862
chr22	39898154	39899074	921	65	590	0.641	0.688
chr22	39915480	39917458	1979	163	1243	0.628	0.836
chr22	39925399	39925682	284	19	184	0.648	0.638
chr22	39928268	39929072	805	64	533	0.662	0.73
chr22	39930569	39931026	458	33	290	0.633	0.721
chr22	39941682	39942115	434	24	253	0.583	0.651
chr22	39953496	39954564	1069	124	777	0.727	0.881
chr22	39973516	39973712	197	11	111	0.563	0.717
chr22	39994274	39994398	125	12	99	0.792	0.858
chr22	40042676	40042888	213	18	153	0.718	0.676
chr22	40045618	40045902	285	27	202	0.709	0.808
chr22	40058027	40058845	819	86	592	0.723	0.807
chr22	40059846	40060993	1148	66	764	0.666	0.522
chr22	40075121	40075442	322	33	226	0.702	0.839
chr22	40081648	40082540	893	94	687	0.769	0.72
chr22	40089300	40089509	210	13	112	0.533	0.871
chr22	40105082	40105363	282	13	170	0.603	0.512
chr22	40123726	40123834	109	7	62	0.569	0.807
chr22	40126072	40126190	119	7	63	0.529	0.84
chr22	40271313	40271704	392	34	243	0.62	0.903
chr22	40289420	40289660	241	17	150	0.622	0.729
chr22	40390152	40391629	1478	149	1036	0.701	0.821
chr22	40406083	40406289	207	10	113	0.546	0.648
chr22	40417472	40417852	381	27	259	0.68	0.617
chr22	40424762	40424917	156	10	100	0.641	0.63
chr22	40440371	40441829	1459	166	999	0.685	0.99
chr22	40602751	40602908	158	9	83	0.525	0.862
chr22	40657902	40658002	101	11	67	0.663	0.992
chr22	40742002	40742111	110	9	65	0.591	0.938
chr22	40742404	40743045	642	53	424	0.66	0.758
chr22	40766527	40767237	711	78	490	0.689	0.93
chr22	40803285	40803562	278	21	177	0.637	0.751
chr22	40814793	40815087	295	21	197	0.668	0.64
chr22	40896999	40898785	1787	147	1374	0.769	0.557
chr22	40932367	40934015	1649	139	1265	0.767	0.573
chr22	41031778	41031921	144	6	71	0.493	0.692
chr22	41032166	41033639	1474	141	986	0.669	0.855
chr22	41033851	41034063	213	11	122	0.573	0.66
chr22	41048363	41048506	144	11	111	0.771	0.518
chr22	41077593	41077904	312	19	186	0.596	0.699
chr22	41140692	41142474	1783	128	1293	0.725	0.548
chr22	41185314	41185417	104	13	79	0.76	0.878
chr22	41214843	41215561	719	55	464	0.645	0.739
chr22	41252115	41253526	1412	100	881	0.624	0.735
chr22	41346618	41347902	1285	118	871	0.678	0.818
chr22	41417489	41418107	619	48	417	0.674	0.685
chr22	41418231	41419008	778	74	530	0.681	0.825
chr22	41445014	41445180	167	8	90	0.539	0.702
chr22	41460068	41460505	438	27	250	0.571	0.76
chr22	41470532	41471281	750	36	452	0.603	0.532
chr22	41487205	41488945	1741	189	1244	0.715	0.851
chr22	41592789	41593865	1077	101	742	0.689	0.794
chr22	41601111	41601613	503	35	304	0.604	0.771
chr22	41633553	41634797	1245	130	931	0.748	0.747
chr22	41681565	41682839	1275	113	794	0.623	0.915
chr22	41690200	41691118	919	65	645	0.702	0.575
chr22	41697448	41697659	212	27	157	0.741	0.943
chr22	41697789	41698574	786	80	573	0.729	0.779
chr22	41776789	41778784	1996	156	1324	0.663	0.718
chr22	41791842	41792143	302	24	195	0.646	0.762
chr22	41809487	41810176	690	80	510	0.739	0.851
chr22	41840192	41841064	873	43	499	0.572	0.609
chr22	41842308	41842507	200	27	156	0.78	0.888
chr22	41842625	41844913	2289	184	1466	0.64	0.785
chr22	41864464	41865544	1081	69	649	0.6	0.709
chr22	41939960	41940753	794	78	543	0.684	0.849
chr22	41985417	41986192	776	58	525	0.677	0.669
chr22	41989487	41989920	434	43	321	0.74	0.726
chr22	41990701	41990801	101	10	58	0.574	1.224
chr22	42016380	42017982	1603	128	1008	0.629	0.81
chr22	42027170	42028071	902	58	613	0.68	0.559
chr22	42062727	42063003	277	29	185	0.668	0.94
chr22	42078098	42078509	412	34	256	0.621	0.857
chr22	42084082	42084388	307	17	177	0.577	0.667
chr22	42084532	42084994	463	44	301	0.65	0.9
chr22	42095461	42096178	718	67	499	0.695	0.784
chr22	42196053	42196962	910	69	583	0.641	0.742
chr22	42228448	42230049	1602	172	1108	0.692	0.91
chr22	42305717	42307225	1509	177	1118	0.741	0.856
chr22	42309964	42311713	1750	216	1296	0.741	0.901
chr22	42315600	42316366	767	64	535	0.698	0.694
chr22	42322132	42322887	756	86	598	0.791	0.733
chr22	42342295	42343279	985	76	649	0.659	0.711
chr22	42353713	42353968	256	28	181	0.707	0.878
chr22	42372528	42373320	793	107	613	0.773	0.921
chr22	42394659	42395247	589	61	400	0.679	0.899
chr22	42466452	42467279	828	57	527	0.636	0.683
chr22	42470063	42470557	495	54	366	0.739	0.804
chr22	42473528	42473714	187	13	125	0.668	0.627
chr22	42475505	42476241	737	62	470	0.638	0.846
chr22	42486392	42487389	998	91	649	0.65	0.863
chr22	42491936	42492135	200	8	100	0.5	0.661
chr22	42524788	42525214	427	40	289	0.677	0.818
chr22	42525455	42525906	452	41	312	0.69	0.795
chr22	42530411	42530500	90	6	43	0.478	1.169
chr22	42538544	42539580	1037	96	722	0.696	0.78
chr22	42548181	42549162	982	69	664	0.676	0.63
chr22	42665503	42666610	1108	120	842	0.76	0.764
chr22	42666721	42667376	656	72	474	0.723	0.844
chr22	42678985	42680193	1209	84	806	0.667	0.63
chr22	42685936	42686081	146	16	87	0.596	1.272
chr22	42734238	42734718	481	32	308	0.64	0.667
chr22	42739312	42740277	966	134	781	0.808	0.849
chr22	42740417	42740758	342	24	249	0.728	0.557
chr22	42764416	42765839	1424	122	921	0.647	0.822
chr22	42833850	42834016	167	15	114	0.683	0.771
chr22	42844205	42844397	193	8	87	0.451	0.825
chr22	42855545	42855653	109	6	65	0.596	0.626
chr22	42888390	42888541	152	10	96	0.632	0.679
chr22	42896274	42896989	716	68	521	0.728	0.767
chr22	42910165	42910248	84	9	64	0.762	0.757
chr22	42915034	42915965	932	74	605	0.649	0.755
chr22	42921388	42921657	270	9	123	0.456	0.666
chr22	42927866	42927985	120	6	63	0.525	0.798
chr22	42949627	42950305	679	65	495	0.729	0.762
chr22	42960997	42961259	263	18	151	0.574	0.847
chr22	42967806	42968001	196	13	115	0.587	0.831
chr22	42971903	42972207	305	21	205	0.672	0.624
chr22	42977441	42978193	753	70	507	0.673	0.822
chr22	43003264	43004055	792	59	545	0.688	0.63
chr22	43010313	43011056	744	84	520	0.699	0.925
chr22	43011321	43011744	424	25	226	0.533	0.83
chr22	43019984	43020215	232	13	135	0.582	0.665
chr22	43026370	43026493	124	11	87	0.702	0.729
chr22	43044843	43045852	1010	112	751	0.744	0.807
chr22	43058183	43058752	570	58	422	0.74	0.745
chr22	43088971	43089700	730	58	473	0.648	0.763
chr22	43115892	43117098	1207	138	914	0.757	0.801
chr22	43140701	43140961	261	18	147	0.563	0.875
chr22	43146563	43147127	565	45	384	0.68	0.691
chr22	43165866	43166288	423	33	283	0.669	0.699
chr22	43252408	43253665	1258	146	902	0.717	0.909
chr22	43266035	43266365	331	26	217	0.656	0.741
chr22	43266810	43266869	60	4	34	0.567	0.949
chr22	43267062	43267423	362	18	211	0.583	0.586
chr22	43367281	43367996	716	51	517	0.722	0.547
chr22	43376664	43378369	1706	140	1269	0.744	0.593
chr22	43410466	43411634	1169	113	805	0.689	0.863
chr22	43460082	43460262	181	11	92	0.508	0.941
chr22	43474936	43475457	522	29	359	0.688	0.508
chr22	43475862	43475966	105	7	65	0.619	0.704
chr22	43485090	43485693	604	60	410	0.679	0.863
chr22	43506033	43507611	1579	160	1066	0.675	0.89
chr22	43538958	43539554	597	80	438	0.734	0.996
chr22	43547171	43548139	969	87	666	0.687	0.781
chr22	43560783	43561038	256	12	136	0.531	0.665
chr22	43570102	43570578	477	26	313	0.656	0.516
chr22	43575881	43575969	89	11	58	0.652	1.187
chr22	43582510	43583857	1348	157	1040	0.772	0.836
chr22	43606034	43606204	171	12	104	0.608	0.76
chr22	43613744	43613847	104	9	78	0.75	0.669
chr22	43625096	43625200	105	9	64	0.61	0.969
chr22	43651312	43651717	406	24	232	0.571	0.772
chr22	43654225	43654368	144	8	82	0.569	0.687
chr22	43659933	43660023	91	8	52	0.571	1.083
chr22	43665189	43665634	446	19	254	0.57	0.527
chr22	43670947	43671102	156	8	90	0.577	0.621
chr22	43695777	43696121	345	12	161	0.467	0.639
chr22	43738314	43739883	1570	181	1174	0.748	0.842
chr22	43740003	43740186	184	25	141	0.766	0.936
chr22	43759431	43759689	259	8	124	0.479	0.546
chr22	43781850	43781952	103	12	69	0.67	1.09
chr22	43784417	43784534	118	9	79	0.669	0.682
chr22	43807305	43808434	1130	159	915	0.81	0.866
chr22	43809616	43809901	286	12	143	0.5	0.679
chr22	43817150	43817409	260	22	149	0.573	1.031
chr22	43820971	43821137	167	15	119	0.713	0.708
chr22	43829929	43830124	196	9	110	0.561	0.584
chr22	43830304	43831127	824	45	489	0.593	0.621
chr22	43863517	43863698	182	7	83	0.456	0.74
chr22	43910524	43910785	262	16	165	0.63	0.626
chr22	43926752	43926982	231	16	142	0.615	0.736
chr22	43974799	43975027	229	10	110	0.48	0.837
chr22	44207926	44208661	736	66	489	0.664	0.814
chr22	44220553	44221229	677	28	371	0.548	0.569
chr22	44227481	44227654	174	13	107	0.615	0.791
chr22	44228201	44228322	122	6	74	0.607	0.545
chr22	44229588	44231032	1445	134	1047	0.725	0.762
chr22	44234659	44234748	90	8	59	0.656	0.857
chr22	44257958	44258716	759	118	569	0.75	1.11
chr22	44286992	44287106	115	12	82	0.713	0.853
chr22	44287348	44288062	715	68	494	0.691	0.797
chr22	44299967	44300093	127	5	68	0.535	0.567
chr22	44300273	44300449	177	9	104	0.588	0.589
chr22	44319450	44320414	965	111	716	0.742	0.837
chr22	44350739	44351760	1022	84	664	0.65	0.78
chr22	44372162	44372413	252	13	146	0.579	0.624
chr22	44377070	44377162	93	7	55	0.591	0.868
chr22	44379763	44379924	162	9	92	0.568	0.701
chr22	44392120	44393243	1124	58	644	0.573	0.629
chr22	44398347	44398735	389	15	207	0.532	0.58
chr22	44419866	44420791	926	122	715	0.772	0.884
chr22	44421738	44422269	532	22	293	0.551	0.565
chr22	44451847	44452099	253	11	145	0.573	0.555
chr22	44460066	44460213	148	11	86	0.581	0.882
chr22	44477478	44477654	177	11	109	0.616	0.668
chr22	44515779	44515978	200	9	112	0.56	0.593
chr22	44542002	44542290	289	23	166	0.574	1.257
chr22	44543759	44543873	115	9	69	0.6	0.871
chr22	44577211	44577700	490	28	336	0.686	0.529
chr22	44670553	44671027	475	16	228	0.48	0.585
chr22	44696826	44697007	182	14	122	0.67	0.723
chr22	44702285	44702786	502	26	317	0.631	0.706
chr22	44722063	44722207	145	9	67	0.462	1.169
chr22	44726669	44728003	1335	182	1043	0.781	0.935
chr22	44733575	44733692	118	8	72	0.61	0.789
chr22	44754033	44754186	154	6	84	0.545	0.525
chr22	44791069	44791170	102	7	66	0.647	0.656
chr22	44807482	44807715	234	14	156	0.667	0.572
chr22	44892461	44894292	1832	161	1238	0.676	0.783
chr22	44933987	44934198	212	9	101	0.476	0.748
chr22	44967862	44968189	328	17	192	0.585	0.609
chr22	44977124	44977201	78	5	52	0.667	0.585
chr22	44991871	44992024	154	8	87	0.565	0.651
chr22	44999995	45000160	166	11	93	0.56	0.845
chr22	45015998	45016540	543	43	360	0.663	0.722
chr22	45035002	45035112	111	9	75	0.676	0.721
chr22	45064211	45065054	844	115	669	0.793	0.871
chr22	45097811	45099351	1541	153	1088	0.706	0.798
chr22	45123183	45123328	146	9	97	0.664	0.569
chr22	45125071	45125837	767	50	506	0.66	0.604
chr22	45128585	45128848	264	21	143	0.542	1.289
chr22	45132711	45133377	667	45	435	0.652	0.635
chr22	45135998	45136457	460	19	262	0.57	0.518
chr22	45148240	45149027	788	71	570	0.723	0.691
chr22	45182119	45182363	245	16	155	0.633	0.702
chr22	45189472	45189547	76	7	44	0.579	1.108
chr22	45189833	45189921	89	8	65	0.73	0.753
chr22	45196574	45196941	368	32	279	0.758	0.607
chr22	45218081	45218690	610	24	283	0.464	0.734
chr22	45221425	45221797	373	27	248	0.665	0.665
chr22	45236548	45236730	183	12	108	0.59	0.762
chr22	45243943	45244026	84	8	63	0.75	0.679
chr22	45264497	45264786	290	23	165	0.569	0.981
chr22	45277186	45277374	189	9	94	0.497	0.799
chr22	45277496	45277841	346	24	219	0.633	0.694
chr22	45278278	45278455	178	11	109	0.612	0.664
chr22	45312298	45312476	179	15	131	0.732	0.71
chr22	45312633	45312837	205	12	138	0.673	0.517
chr22	45322706	45323019	314	14	185	0.589	0.519
chr22	45323523	45323783	261	8	117	0.448	0.63
chr22	45327201	45327312	112	10	82	0.732	0.673
chr22	45333632	45333809	178	13	103	0.579	0.873
chr22	45345638	45346389	752	22	342	0.455	0.574
chr22	45346856	45346920	65	6	39	0.6	1.032
chr22	45395301	45396365	1065	41	599	0.562	0.492
chr22	45396541	45396938	398	17	220	0.553	0.559
chr22	45402901	45404782	1882	215	1351	0.718	0.89
chr22	45404937	45406359	1423	173	1052	0.739	0.898
chr22	45406563	45406669	107	6	66	0.617	0.59
chr22	45468246	45468383	138	8	80	0.58	0.771
chr22	45487216	45487764	549	32	332	0.605	0.64
chr22	45497167	45497377	211	10	97	0.46	0.913
chr22	45558517	45558659	143	9	76	0.531	1.056
chr22	45559331	45560732	1402	155	1008	0.719	0.861
chr22	45580379	45580588	210	11	100	0.476	0.924
chr22	45580871	45581136	266	13	143	0.538	0.679
chr22	45592416	45593084	669	41	433	0.647	0.591
chr22	45598753	45599762	1010	54	665	0.658	0.495
chr22	45600615	45600816	202	8	104	0.515	0.612
chr22	45603932	45604402	471	17	261	0.554	0.475
chr22	45636101	45637089	989	120	739	0.747	0.886
chr22	45664387	45664846	460	31	319	0.693	0.608
chr22	45665039	45665339	301	37	236	0.784	0.802
chr22	45680429	45681038	610	47	407	0.667	0.701
chr22	45705014	45706728	1715	148	1155	0.673	0.762
chr22	45718972	45719280	309	19	173	0.56	0.785
chr22	45723540	45723725	186	9	100	0.538	0.67
chr22	45726534	45726638	105	9	63	0.6	0.953
chr22	45731104	45731200	97	7	66	0.68	0.624
chr22	45731464	45732162	699	30	367	0.525	0.624
chr22	45732361	45732650	290	12	144	0.497	0.671
chr22	45732914	45733094	181	8	104	0.575	0.608
chr22	45808945	45809954	1010	88	678	0.671	0.798
chr22	45832666	45833138	473	40	333	0.704	0.684
chr22	45833332	45833477	146	10	80	0.548	0.951
chr22	45897773	45899334	1562	144	1071	0.686	0.786
chr22	45929475	45929835	361	19	211	0.584	0.616
chr22	45948515	45949001	487	25	306	0.628	0.52
chr22	45949697	45950028	332	15	185	0.557	0.586
chr22	45958687	45959251	565	34	351	0.621	0.646
chr22	45973840	45974113	274	14	161	0.588	0.592
chr22	45976540	45976830	291	18	173	0.595	0.7
chr22	45982390	45982529	140	6	81	0.579	0.519
chr22	45982923	45983217	295	17	180	0.61	0.651
chr22	45987512	45987977	466	21	262	0.562	0.59
chr22	46008535	46009373	839	32	467	0.557	0.497
chr22	46022239	46022470	232	14	141	0.608	0.656
chr22	46040958	46041911	954	64	603	0.632	0.672
chr22	46067473	46068474	1002	109	733	0.732	0.831
chr22	46261782	46263746	1965	189	1368	0.696	0.798
chr22	46276479	46276583	105	9	66	0.629	0.897
chr22	46276752	46277325	574	38	384	0.669	0.594
chr22	46278185	46278594	410	18	247	0.602	0.484
chr22	46285552	46287276	1725	137	1169	0.678	0.694
chr22	46287464	46287616	153	15	107	0.699	0.818
chr22	46301083	46301829	747	36	460	0.616	0.527
chr22	46318508	46319088	581	43	388	0.668	0.667
chr22	46326913	46327216	304	35	205	0.674	1.022
chr22	46338801	46338962	162	7	87	0.537	0.818
chr22	46339171	46339260	90	9	53	0.589	1.164
chr22	46345856	46346066	211	15	135	0.64	0.701
chr22	46349041	46349344	304	20	203	0.668	0.678
chr22	46367025	46367112	88	11	70	0.795	0.823
chr22	46367316	46368719	1404	156	1015	0.723	0.851
chr22	46371547	46371728	182	26	146	0.802	0.892
chr22	46371887	46372554	668	89	529	0.792	0.851
chr22	46372673	46373420	748	96	570	0.762	0.884
chr22	46373740	46374356	617	35	410	0.665	0.524
chr22	46374554	46375226	673	82	506	0.752	0.871
chr22	46403414	46404012	599	35	405	0.676	0.513
chr22	46409567	46410224	658	45	457	0.695	0.61
chr22	46423233	46423665	433	69	333	0.769	1.08
chr22	46431552	46432313	762	88	566	0.743	0.847
chr22	46440349	46441102	754	87	524	0.695	0.957
chr22	46449498	46450337	840	60	616	0.733	0.538
chr22	46457184	46458123	940	107	719	0.765	0.787
chr22	46459944	46460484	541	25	311	0.575	0.56
chr22	46461000	46461212	213	10	107	0.502	0.803
chr22	46462703	46462951	249	8	121	0.486	0.561
chr22	46465958	46468693	2736	370	2041	0.746	0.972
chr22	46472472	46472586	115	10	62	0.539	1.261
chr22	46474082	46474923	842	39	546	0.648	0.442
chr22	46475911	46476611	701	49	491	0.7	0.576
chr22	46477762	46477933	172	16	103	0.599	1.038
chr22	46479849	46480007	159	6	91	0.572	0.461
chr22	46480479	46480604	126	10	72	0.571	1.054
chr22	46480919	46481250	332	22	217	0.654	0.643
chr22	46481865	46482025	161	14	105	0.652	0.821
chr22	46483738	46484208	471	25	325	0.69	0.458
chr22	46485858	46486032	175	11	99	0.566	0.871
chr22	46500153	46500566	414	25	303	0.732	0.453
chr22	46502994	46503419	426	28	296	0.695	0.549
chr22	46512478	46512731	254	17	176	0.693	0.559
chr22	46545456	46547388	1933	237	1461	0.756	0.861
chr22	46594277	46594479	203	12	110	0.542	0.806
chr22	46610177	46611216	1040	71	627	0.603	0.83
chr22	46627813	46627933	121	9	63	0.521	1.098
chr22	46634559	46634940	382	18	223	0.584	0.554
chr22	46645797	46647131	1335	133	953	0.714	0.787
chr22	46657913	46659326	1414	156	973	0.688	0.94
chr22	46663574	46664276	703	71	491	0.698	0.829
chr22	46685440	46685730	291	16	186	0.639	0.54
chr22	46692257	46693350	1094	96	732	0.669	0.785
chr22	46694989	46695264	276	12	154	0.558	0.575
chr22	46713669	46713772	104	9	69	0.663	0.8
chr22	46714689	46715116	428	17	239	0.558	0.51
chr22	46719062	46719178	117	10	71	0.607	0.93
chr22	46727264	46727698	435	26	262	0.602	0.661
chr22	46731154	46732501	1348	123	886	0.657	0.848
chr22	46745280	46745599	320	15	155	0.484	0.821
chr22	46746751	46746865	115	13	77	0.67	1.013
chr22	46747417	46747564	148	11	93	0.628	0.753
chr22	46747785	46748463	679	33	397	0.585	0.576
chr22	46759999	46760122	124	15	90	0.726	0.92
chr22	46762736	46762918	183	19	139	0.76	0.728
chr22	46765387	46765615	229	14	147	0.642	0.597
chr22	46770221	46770872	652	40	397	0.609	0.663
chr22	46774408	46774651	244	13	164	0.672	0.488
chr22	46774783	46775037	255	13	155	0.608	0.562
chr22	46775482	46776465	984	40	565	0.574	0.499
chr22	46776589	46776843	255	16	169	0.663	0.575
chr22	46777797	46777900	104	12	72	0.692	0.963
chr22	46782336	46782437	102	15	74	0.725	1.138
chr22	46785139	46785372	234	22	162	0.692	0.786
chr22	46786240	46787265	1026	47	595	0.58	0.551
chr22	46787449	46788301	853	45	515	0.604	0.579
chr22	46793638	46794542	905	45	574	0.634	0.499
chr22	46803928	46804040	113	7	56	0.496	1.057
chr22	46804829	46805233	405	19	263	0.649	0.445
chr22	46805614	46806527	914	60	574	0.628	0.666
chr22	46809657	46810894	1238	59	673	0.544	0.645
chr22	46811859	46812036	178	11	105	0.59	0.769
chr22	46812584	46813098	515	19	273	0.53	0.527
chr22	46815658	46816000	343	16	178	0.519	1.032
chr22	46824093	46824320	228	14	145	0.636	0.614
chr22	46825055	46825334	280	11	146	0.521	0.58
chr22	46835025	46835266	242	19	156	0.645	0.758
chr22	46849158	46849758	601	24	341	0.567	0.501
chr22	46850230	46850789	560	33	336	0.6	0.668
chr22	46858654	46858810	157	6	74	0.471	0.742
chr22	46859651	46860123	473	55	313	0.662	1.101
chr22	46868353	46869028	676	31	410	0.607	0.504
chr22	46920274	46920418	145	9	86	0.593	0.706
chr22	46929345	46934000	4656	465	3191	0.685	0.851
chr22	46934178	46934886	709	53	474	0.669	0.686
chr22	46972501	46973594	1094	187	884	0.808	1.049
chr22	46980151	46980831	681	40	399	0.586	0.687
chr22	46989145	46989340	196	10	117	0.597	0.574
chr22	47010112	47012942	2831	122	1651	0.583	0.508
chr22	47014320	47014699	380	25	258	0.679	0.625
chr22	47017356	47017646	291	28	222	0.763	0.663
chr22	47022146	47023179	1034	60	659	0.637	0.582
chr22	47023856	47024306	451	21	285	0.632	0.469
chr22	47025307	47025468	162	10	105	0.648	0.608
chr22	47025722	47025831	110	6	62	0.564	0.69
chr22	47026467	47026960	494	25	329	0.666	0.464
chr22	47027141	47027874	734	41	463	0.631	0.562
chr22	47032749	47033006	258	16	163	0.632	0.636
chr22	47035257	47035552	296	13	159	0.537	0.699
chr22	47048730	47049143	414	20	240	0.58	0.601
chr22	47054067	47054163	97	11	65	0.67	1.03
chr22	47058373	47059160	788	41	509	0.646	0.499
chr22	47059632	47059877	246	14	154	0.626	0.583
chr22	47064164	47064671	508	29	339	0.667	0.513
chr22	47069558	47069937	380	29	250	0.658	0.716
chr22	47070166	47070287	122	8	85	0.697	0.546
chr22	47070438	47070638	201	12	123	0.612	0.657
chr22	47071377	47071578	202	10	117	0.579	0.603
chr22	47073338	47073903	566	27	376	0.664	0.435
chr22	47074066	47074483	418	26	299	0.715	0.49
chr22	47074689	47074880	192	18	129	0.672	0.839
chr22	47075097	47075383	287	18	191	0.666	0.578
chr22	47082362	47082846	485	24	263	0.542	0.673
chr22	47083024	47083549	526	25	317	0.603	0.525
chr22	47084480	47084639	160	7	91	0.569	0.546
chr22	47086180	47086362	183	12	121	0.661	0.619
chr22	47087716	47087853	138	9	83	0.601	0.77
chr22	47095219	47095378	160	8	93	0.581	0.595
chr22	47097267	47097602	336	32	227	0.676	0.845
chr22	47098623	47098893	271	14	152	0.561	0.68
chr22	47103490	47103906	417	22	231	0.554	0.688
chr22	47121212	47121687	476	21	260	0.546	0.596
chr22	47121964	47122221	258	15	161	0.624	0.601
chr22	47122752	47122830	79	8	54	0.684	0.898
chr22	47133551	47134576	1026	137	811	0.79	0.855
chr22	47157955	47158941	987	74	632	0.64	0.744
chr22	47170680	47170816	137	9	80	0.584	0.775
chr22	47189535	47189695	161	13	116	0.72	0.622
chr22	47197578	47197660	83	7	51	0.614	0.902
chr22	47223142	47223486	345	20	176	0.51	0.908
chr22	47242608	47242860	253	11	120	0.474	0.841
chr22	47248694	47248812	119	9	73	0.613	0.816
chr22	47249270	47249471	202	11	115	0.569	0.691
chr22	47249716	47250057	342	13	183	0.535	0.536
chr22	47254417	47254662	246	16	147	0.598	0.747
chr22	47254863	47256559	1697	111	1023	0.603	0.732
chr22	47298462	47299227	766	31	442	0.577	0.487
chr22	47338857	47339128	272	12	150	0.551	0.589
chr22	47346655	47346707	53	5	30	0.566	1.183
chr22	47361196	47361425	230	15	136	0.591	0.746
chr22	47361991	47362351	361	18	212	0.587	0.612
chr22	47362890	47363021	132	9	81	0.614	0.724
chr22	47364320	47364518	199	19	139	0.698	0.795
chr22	47368319	47369345	1027	47	615	0.599	0.514
chr22	47370173	47370315	143	14	98	0.685	0.843
chr22	47372193	47372765	573	28	309	0.539	0.683
chr22	47387463	47387714	252	14	137	0.544	0.774
chr22	47388210	47388462	253	10	155	0.613	0.421
chr22	47394784	47395150	367	16	175	0.477	0.783
chr22	47411189	47411350	162	8	87	0.537	0.685
chr22	47412672	47412895	224	15	148	0.661	0.614
chr22	47414124	47414635	512	21	274	0.535	0.574
chr22	47424246	47424447	202	14	133	0.658	0.644
chr22	47436848	47436960	113	8	62	0.549	0.942
chr22	47437230	47437356	127	7	81	0.638	0.556
chr22	47437505	47437632	128	9	77	0.602	0.793
chr22	47441135	47441235	101	10	61	0.604	1.086
chr22	47456941	47457147	207	15	129	0.623	0.771
chr22	47460048	47460194	147	12	101	0.687	0.692
chr22	47465342	47466786	1445	59	848	0.587	0.494
chr22	47486546	47487388	843	41	502	0.595	0.708
chr22	47506940	47507041	102	5	67	0.657	0.455
chr22	47513155	47513555	401	24	257	0.641	0.583
chr22	47524434	47524644	211	10	115	0.545	0.649
chr22	47529375	47529486	112	7	66	0.589	0.72
chr22	47531441	47531555	115	10	72	0.626	0.89
chr22	47534532	47535085	554	25	329	0.594	0.514
chr22	47540186	47540306	121	7	73	0.603	0.639
chr22	47541743	47541929	187	14	119	0.636	0.74
chr22	47542677	47542841	165	11	116	0.703	0.56
chr22	47546051	47546460	410	22	273	0.666	0.493
chr22	47546752	47546959	208	13	128	0.615	0.661
chr22	47547966	47548505	540	26	326	0.604	0.529
chr22	47550407	47551006	600	24	339	0.565	0.501
chr22	47551167	47551438	272	17	177	0.651	0.591
chr22	47552909	47553305	397	25	236	0.594	0.713
chr22	47557995	47558151	157	8	95	0.605	0.557
chr22	47558288	47558438	151	12	104	0.689	0.833
chr22	47560391	47560474	84	6	47	0.56	0.947
chr22	47569766	47570382	617	31	391	0.634	0.501
chr22	47571026	47571469	444	24	261	0.588	0.628
chr22	47585240	47585673	434	21	277	0.638	0.475
chr22	47594329	47596060	1732	71	1021	0.589	0.478
chr22	47606181	47606287	107	6	57	0.533	0.821
chr22	47606696	47609323	2628	129	1281	0.487	0.909
chr22	47652832	47652939	108	7	59	0.546	0.869
chr22	47774959	47775129	171	29	142	0.83	1.441
chr22	47786133	47786589	457	25	267	0.584	0.647
chr22	47797874	47798029	156	11	102	0.654	0.66
chr22	47883435	47883546	112	8	66	0.589	0.83
chr22	47884074	47884432	359	38	273	0.76	0.737
chr22	48019798	48019889	92	6	46	0.5	1.062
chr22	48027193	48027829	637	37	386	0.606	0.635
chr22	48275683	48275853	171	11	104	0.608	0.696
chr22	48500742	48500841	100	7	58	0.58	0.841
chr22	48604719	48605467	749	41	435	0.581	0.65
chr22	48640371	48640556	186	11	120	0.645	0.606
chr22	48660586	48661383	798	42	495	0.62	0.547
chr22	48664672	48664863	192	12	127	0.661	0.598
chr22	48696490	48696682	193	7	95	0.492	0.6
chr22	48729155	48729341	187	12	123	0.658	0.594
chr22	48730007	48730332	326	20	200	0.613	0.653
chr22	48739446	48739554	109	6	61	0.56	0.703
chr22	48792624	48792814	191	11	119	0.623	0.594
chr22	48811479	48811600	122	7	77	0.631	0.577
chr22	48836095	48836252	158	14	99	0.627	0.924
chr22	48884978	48887005	2028	235	1504	0.742	0.851
chr22	48895018	48895098	81	8	46	0.568	1.234
chr22	48896314	48896525	212	15	132	0.623	0.741
chr22	48907623	48907728	106	9	71	0.67	0.769
chr22	48912172	48912290	119	8	61	0.513	1.024
chr22	48915171	48915224	54	8	34	0.63	1.495
chr22	48917473	48917842	370	17	212	0.573	0.57
chr22	48923672	48923986	315	19	192	0.61	0.651
chr22	48931691	48932571	881	47	496	0.563	0.673
chr22	48954069	48954498	430	14	210	0.488	0.546
chr22	48955650	48956048	399	23	248	0.622	0.601
chr22	48959855	48960018	164	10	99	0.604	0.708
chr22	48970903	48972884	1982	309	1602	0.808	0.955
chr22	48975679	48976078	400	23	213	0.532	0.815
chr22	48977248	48977450	203	14	131	0.645	0.697
chr22	48977709	48977792	84	5	46	0.548	0.819
chr22	48985827	48986170	344	19	207	0.602	0.633
chr22	48992454	48992559	106	9	60	0.566	1.061
chr22	48996207	48996412	206	12	119	0.578	0.704
chr22	48996570	48996856	287	23	176	0.613	0.854
chr22	49004228	49004967	740	26	409	0.553	0.469
chr22	49006192	49006364	173	12	111	0.642	0.674
chr22	49009752	49009919	168	16	110	0.655	0.893
chr22	49010580	49010784	205	9	140	0.683	0.388
chr22	49010939	49011166	228	11	133	0.583	0.574
chr22	49018799	49019549	751	61	496	0.66	0.76
chr22	49021973	49022138	166	9	84	0.506	0.871
chr22	49026288	49026608	321	18	204	0.636	0.558
chr22	49026735	49026854	120	10	83	0.692	0.72
chr22	49027281	49027663	383	19	232	0.606	0.543
chr22	49033310	49033648	339	19	194	0.572	0.688
chr22	49042097	49042605	509	36	334	0.656	0.657
chr22	49054068	49054217	150	8	92	0.613	0.57
chr22	49056438	49056576	139	9	92	0.662	0.592
chr22	49056992	49057218	227	13	150	0.661	0.538
chr22	49060628	49061002	375	17	194	0.517	0.678
chr22	49061263	49061352	90	6	49	0.544	0.993
chr22	49063312	49064557	1246	66	754	0.605	0.596
chr22	49070063	49070527	465	23	267	0.574	0.602
chr22	49074717	49075518	802	62	580	0.723	0.93
chr22	49078607	49078753	147	6	64	0.435	0.893
chr22	49078961	49079129	169	9	87	0.515	0.809
chr22	49086912	49087359	448	20	272	0.607	0.49
chr22	49088759	49089027	269	20	163	0.606	0.814
chr22	49095264	49095586	323	16	159	0.492	0.822
chr22	49098452	49098642	191	11	118	0.618	0.606
chr22	49107477	49107787	311	20	194	0.624	0.673
chr22	49109104	49109473	370	17	222	0.6	0.511
chr22	49132502	49132631	130	9	77	0.592	0.796
chr22	49136775	49137080	306	17	194	0.634	0.554
chr22	49138324	49138541	218	19	149	0.683	0.821
chr22	49138673	49139062	390	19	254	0.651	0.462
chr22	49139488	49139990	503	24	292	0.581	0.568
chr22	49140392	49140462	71	6	42	0.592	0.968
chr22	49141119	49141777	659	36	415	0.63	0.551
chr22	49145791	49146381	591	46	399	0.675	0.683
chr22	49146736	49147209	474	40	302	0.637	0.833
chr22	49155508	49155593	86	6	50	0.581	0.896
chr22	49175059	49175486	428	23	272	0.636	0.536
chr22	49175666	49175909	244	12	138	0.566	0.618
chr22	49176531	49176652	122	6	77	0.631	0.495
chr22	49177779	49177967	189	10	115	0.608	0.577
chr22	49189910	49190114	205	30	135	0.659	1.696
chr22	49203009	49203196	188	10	111	0.59	0.614
chr22	49215985	49216279	295	11	140	0.475	0.664
chr22	49231858	49232097	240	17	156	0.65	0.671
chr22	49233128	49233468	341	14	181	0.531	0.78
chr22	49234019	49234322	304	13	149	0.49	0.712
chr22	49238287	49238652	366	18	219	0.598	0.562
chr22	49241380	49241488	109	10	66	0.606	1.002
chr22	49243805	49243867	63	5	43	0.683	0.895
chr22	49258184	49258546	363	10	168	0.463	0.579
chr22	49276258	49276386	129	8	65	0.504	0.979
chr22	49292853	49292994	142	11	96	0.676	0.678
chr22	49295483	49296025	543	29	309	0.569	0.664
chr22	49297798	49297934	137	11	85	0.62	0.878
chr22	49298799	49299140	342	19	211	0.617	0.597
chr22	49303513	49303793	281	12	145	0.516	0.692
chr22	49340703	49341004	302	15	194	0.642	0.486
chr22	49351009	49351515	507	23	267	0.527	0.655
chr22	49376493	49376740	248	13	116	0.468	0.977
chr22	49387226	49387552	327	27	195	0.596	0.931
chr22	49400362	49400492	131	11	81	0.618	0.942
chr22	49412171	49412372	202	11	96	0.475	0.992
chr22	49419823	49420176	354	21	199	0.562	0.751
chr22	49428663	49428976	314	14	198	0.631	0.453
chr22	49432192	49432325	134	7	80	0.597	0.586
chr22	49432531	49432690	160	6	82	0.512	0.571
chr22	49434280	49434766	487	25	258	0.53	0.736
chr22	49447367	49448351	985	63	631	0.641	0.63
chr22	49448483	49448584	102	6	49	0.48	1.023
chr22	49474134	49474250	117	8	68	0.581	0.816
chr22	49478413	49478491	79	9	43	0.544	1.539
chr22	49490825	49491218	394	20	242	0.614	0.539
chr22	49493092	49493217	126	6	65	0.516	0.746
chr22	49498251	49498378	128	10	86	0.672	0.698
chr22	49506946	49507101	156	8	85	0.545	0.696
chr22	49511540	49511650	111	9	69	0.622	0.844
chr22	49511812	49512266	455	24	254	0.558	0.677
chr22	49514046	49514331	286	16	151	0.528	0.803
chr22	49538064	49538194	131	10	75	0.573	0.936
chr22	49550418	49550523	106	7	74	0.698	0.548
chr22	49558611	49559005	395	18	221	0.559	0.591
chr22	49562354	49562466	113	6	60	0.531	0.775
chr22	49564133	49564552	420	31	255	0.607	0.811
chr22	49578046	49579328	1283	57	754	0.588	0.515
chr22	49579825	49580105	281	20	174	0.619	0.776
chr22	49587331	49587452	122	10	73	0.598	0.917
chr22	49593412	49593792	381	17	225	0.591	0.513
chr22	49599056	49600482	1427	67	812	0.569	0.581
chr22	49637267	49637890	624	36	370	0.593	0.668
chr22	49654501	49654797	297	19	156	0.525	0.931
chr22	49657798	49657893	96	7	63	0.656	0.682
chr22	49662463	49663398	936	52	596	0.637	0.549
chr22	49679541	49679977	437	13	207	0.474	0.534
chr22	49680481	49680641	161	11	90	0.559	0.878
chr22	49680896	49681197	302	15	175	0.579	0.596
chr22	49693244	49694654	1411	65	874	0.619	0.485
chr22	49694871	49695009	139	12	97	0.698	0.927
chr22	49697626	49698225	600	36	401	0.668	0.542
chr22	49698449	49698870	422	34	253	0.6	0.897
chr22	49716902	49717172	271	16	185	0.683	0.523
chr22	49717415	49717955	541	33	342	0.632	0.611
chr22	49726994	49727281	288	15	159	0.552	0.684
chr22	49729162	49729584	423	22	257	0.608	0.567
chr22	49729821	49729953	133	11	86	0.647	0.802
chr22	49742078	49742257	180	10	99	0.55	0.735
chr22	49747858	49748774	917	38	511	0.557	0.534
chr22	49749062	49749439	378	20	200	0.529	0.756
chr22	49759861	49760069	209	14	121	0.579	0.804
chr22	49760352	49760542	191	9	117	0.613	0.573
chr22	49764960	49765273	314	27	207	0.659	0.843
chr22	49766768	49767052	285	20	162	0.568	0.869
chr22	49767442	49767650	209	9	121	0.579	0.52
chr22	49773247	49773602	356	12	195	0.548	0.461
chr22	49784192	49784263	72	6	48	0.667	1
chr22	49794332	49794385	54	4	28	0.519	1.636
chr22	49795466	49795597	132	8	75	0.568	0.762
chr22	49798611	49798730	120	9	75	0.625	0.769
chr22	49806080	49806174	95	6	60	0.632	0.645
chr22	49811942	49812469	528	39	341	0.646	0.713
chr22	49812777	49812883	107	5	57	0.533	0.676
chr22	49827579	49828179	601	27	369	0.614	0.478
chr22	49829398	49829489	92	5	58	0.63	0.547
chr22	49831096	49831429	334	18	195	0.584	0.645
chr22	49831833	49832011	179	10	103	0.575	0.675
chr22	49834606	49834891	286	19	170	0.594	0.763
chr22	49838529	49838642	114	8	70	0.614	0.747
chr22	49842415	49842711	297	14	171	0.576	0.576
chr22	49843170	49844094	925	51	566	0.612	0.589
chr22	49849201	49849343	143	8	78	0.545	0.794
chr22	49855183	49855536	354	21	204	0.576	0.716
chr22	49856094	49856279	186	10	100	0.538	0.752
chr22	49863897	49864466	570	26	335	0.588	0.532
chr22	49875607	49876017	411	25	256	0.623	0.629
chr22	49878549	49878694	146	10	83	0.568	1.031
chr22	49883069	49883374	306	29	193	0.631	0.978
chr22	49886161	49886479	319	17	184	0.577	0.647
chr22	49901491	49901748	258	9	125	0.484	0.595
chr22	49911522	49911882	361	20	210	0.582	0.662
chr22	49912100	49912442	343	20	223	0.65	0.567
chr22	49927799	49927925	127	7	83	0.654	0.529
chr22	49928138	49928300	163	12	103	0.632	0.792
chr22	49934697	49935358	662	58	473	0.715	0.688
chr22	49963286	49963631	346	21	224	0.647	0.583
chr22	49967905	49968249	345	14	223	0.646	0.389
chr22	49968451	49968579	129	8	69	0.535	0.89
chr22	49969107	49969682	576	32	373	0.648	0.532
chr22	49970108	49970651	544	24	324	0.596	0.525
chr22	49977663	49978074	412	23	245	0.595	0.635
chr22	49979649	49980186	538	24	329	0.612	0.481
chr22	49982521	49982667	147	9	92	0.626	0.7
chr22	49984205	49984374	170	11	106	0.624	0.667
chr22	49994257	49994552	296	18	184	0.622	0.63
chr22	49996001	49996147	147	8	98	0.667	0.49
chr22	50002544	50003227	684	30	385	0.563	0.559
chr22	50008571	50009972	1402	95	811	0.578	0.81
chr22	50010129	50010232	104	8	72	0.692	0.642
chr22	50012761	50013888	1128	42	636	0.564	0.469
chr22	50022162	50022285	124	8	73	0.589	0.777
chr22	50025134	50026190	1057	72	662	0.626	0.702
chr22	50026337	50026465	129	10	89	0.69	0.698
chr22	50030869	50031363	495	30	339	0.685	0.521
chr22	50031529	50032029	501	24	313	0.625	0.5
chr22	50032253	50032326	74	5	46	0.622	0.712
chr22	50032453	50032722	270	14	157	0.581	0.618
chr22	50043505	50043613	109	11	70	0.642	0.98
chr22	50043926	50044255	330	15	170	0.515	0.688
chr22	50044399	50044505	107	8	73	0.682	0.643
chr22	50049057	50049254	198	12	117	0.591	0.706
chr22	50049905	50050474	570	29	389	0.682	0.447
chr22	50050704	50051185	482	24	291	0.604	0.547
chr22	50053741	50053916	176	12	111	0.631	0.686
chr22	50054111	50054279	169	13	120	0.71	0.619
chr22	50054474	50054652	179	20	120	0.67	1.036
chr22	50056484	50056763	280	14	157	0.561	0.646
chr22	50056948	50057072	125	9	73	0.584	0.846
chr22	50058431	50058770	340	15	198	0.582	0.52
chr22	50063905	50064430	526	65	413	0.785	0.802
chr22	50064690	50066659	1970	80	1091	0.554	0.532
chr22	50071371	50071610	240	12	143	0.596	0.573
chr22	50071962	50072255	294	13	181	0.616	0.474
chr22	50097890	50098266	377	23	247	0.655	0.569
chr22	50106849	50107047	199	9	114	0.573	0.569
chr22	50107933	50108172	240	15	144	0.6	0.714
chr22	50110843	50111512	670	27	344	0.513	0.628
chr22	50117894	50119547	1654	105	1074	0.649	0.603
chr22	50122448	50122956	509	29	329	0.646	0.549
chr22	50146197	50146671	475	22	284	0.598	0.519
chr22	50157940	50158174	235	16	163	0.694	0.567
chr22	50164623	50165448	826	69	566	0.685	0.712
chr22	50169337	50169804	468	28	317	0.677	0.548
chr22	50170706	50170930	225	19	147	0.653	0.805
chr22	50171306	50171863	558	34	325	0.582	0.719
chr22	50173534	50174158	625	27	381	0.61	0.465
chr22	50175250	50175380	131	7	92	0.702	0.444
chr22	50175546	50175932	387	21	248	0.641	0.529
chr22	50177187	50177372	186	13	124	0.667	0.637
chr22	50177731	50179052	1322	83	821	0.621	0.652
chr22	50181009	50181364	356	27	217	0.61	0.817
chr22	50184303	50184530	228	12	132	0.579	0.679
chr22	50186817	50187186	370	11	182	0.492	0.528
chr22	50187590	50187788	199	14	137	0.688	0.596
chr22	50190931	50191153	223	10	131	0.587	0.525
chr22	50191415	50191599	185	19	127	0.686	0.92
chr22	50191928	50191973	46	4	32	0.696	0.719
chr22	50192146	50192399	254	17	166	0.654	0.64
chr22	50194313	50195002	690	30	423	0.613	0.464
chr22	50195823	50196519	697	41	430	0.617	0.678
chr22	50196862	50197117	256	15	159	0.621	0.61
chr22	50197620	50197897	278	14	183	0.658	0.465
chr22	50216621	50217887	1267	79	733	0.579	0.747
chr22	50219810	50221636	1827	248	1359	0.744	0.986
chr22	50223599	50223808	210	8	92	0.438	0.826
chr22	50241757	50243881	2125	201	1539	0.724	0.723
chr22	50246591	50246761	171	20	122	0.713	0.919
chr22	50246879	50248162	1284	201	1020	0.794	0.993
chr22	50248322	50248419	98	8	66	0.673	0.737
chr22	50250283	50250481	199	22	136	0.683	0.96
chr22	50252371	50252583	213	12	126	0.592	0.644
chr22	50274048	50274241	194	17	121	0.624	0.915
chr22	50276359	50276507	149	7	89	0.597	0.53
chr22	50277472	50278883	1412	65	820	0.581	0.546
chr22	50279072	50279259	188	13	104	0.553	0.904
chr22	50279531	50281012	1482	92	874	0.59	0.714
chr22	50294534	50294689	156	9	98	0.628	0.585
chr22	50295424	50295814	391	15	203	0.519	0.677
chr22	50296018	50296392	375	12	195	0.52	0.572
chr22	50299222	50299598	377	19	214	0.568	0.644
chr22	50303671	50303801	131	10	90	0.687	0.647
chr22	50304064	50304214	151	9	91	0.603	0.657
chr22	50306960	50307164	205	14	117	0.571	0.849
chr22	50311816	50313088	1273	125	909	0.714	0.771
chr22	50313317	50313454	138	10	83	0.601	0.846
chr22	50314666	50315448	783	37	466	0.595	0.534
chr22	50315710	50317005	1296	75	822	0.634	0.585
chr22	50317213	50317310	98	11	65	0.663	1.063
chr22	50317922	50318348	427	20	273	0.639	0.47
chr22	50319191	50319472	282	12	173	0.613	0.46
chr22	50320806	50321071	266	12	156	0.586	0.525
chr22	50322643	50323441	799	89	615	0.77	0.753
chr22	50328786	50329169	384	43	303	0.789	0.769
chr22	50329788	50330024	237	26	173	0.73	0.826
chr22	50353633	50357216	3584	415	2612	0.729	0.872
chr22	50361227	50361536	310	17	196	0.632	0.553
chr22	50364601	50364729	129	9	91	0.705	0.581
chr22	50421427	50422480	1054	101	769	0.73	0.723
chr22	50428403	50428786	384	24	255	0.664	0.568
chr22	50437289	50438753	1465	111	1009	0.689	0.645
chr22	50448140	50449489	1350	94	922	0.683	0.597
chr22	50453186	50454114	929	107	691	0.744	0.853
chr22	50459111	50459296	186	8	97	0.522	0.74
chr22	50460160	50460528	369	14	199	0.539	0.625
chr22	50464711	50464994	284	18	180	0.634	0.647
chr22	50466282	50466409	128	16	86	0.672	1.108
chr22	50466913	50467678	766	32	440	0.574	0.711
chr22	50468241	50469314	1074	82	752	0.7	0.626
chr22	50469907	50470412	506	33	335	0.662	0.595
chr22	50472712	50473057	346	21	207	0.598	0.684
chr22	50478472	50478626	155	8	95	0.613	0.55
chr22	50481514	50482225	712	32	318	0.447	0.95
chr22	50483056	50483127	72	6	45	0.625	0.908
chr22	50483323	50483713	391	24	258	0.66	0.565
chr22	50483890	50484066	177	13	129	0.729	0.622
chr22	50484355	50484478	124	10	82	0.661	0.739
chr22	50488496	50488635	140	13	86	0.614	1.029
chr22	50490395	50490614	220	14	136	0.618	0.681
chr22	50494683	50494962	280	15	152	0.543	0.727
chr22	50496543	50497371	829	103	651	0.785	0.808
chr22	50499219	50499406	188	13	125	0.665	0.652
chr22	50499983	50500183	201	14	131	0.652	0.658
chr22	50502917	50503026	110	9	72	0.655	0.769
chr22	50515142	50515475	334	25	194	0.581	0.888
chr22	50515808	50516002	195	14	123	0.631	0.73
chr22	50523669	50524287	619	25	322	0.52	0.597
chr22	50528223	50529073	851	97	601	0.706	0.917
chr22	50529611	50529928	318	19	181	0.569	0.738
chr22	50589120	50589288	169	11	104	0.615	0.688
chr22	50595912	50596049	138	5	72	0.522	0.532
chr22	50596260	50596641	382	17	207	0.542	0.613
chr22	50604300	50605099	800	52	531	0.664	0.641
chr22	50607864	50609579	1716	216	1340	0.781	0.827
chr22	50615324	50618046	2723	248	1860	0.683	0.782
chr22	50618233	50618628	396	26	236	0.596	0.769
chr22	50623264	50625227	1964	221	1467	0.747	0.82
chr22	50628978	50629250	273	22	177	0.648	0.767
chr22	50632737	50633421	685	43	439	0.641	0.617
chr22	50636382	50637034	653	53	467	0.715	0.639
chr22	50637282	50637470	189	10	137	0.725	0.408
chr22	50638542	50640543	2002	244	1478	0.738	0.895
chr22	50644504	50644959	456	31	265	0.581	0.807
chr22	50647058	50647344	287	14	178	0.62	0.522
chr22	50649090	50649380	291	20	193	0.663	0.629
chr22	50649636	50649712	77	7	43	0.558	1.172
chr22	50655211	50655807	597	48	399	0.668	0.722
chr22	50656518	50657938	1421	84	947	0.666	0.535
chr22	50659075	50659630	556	34	346	0.622	0.632
chr22	50664517	50664736	220	11	128	0.582	0.594
chr22	50665306	50665441	136	11	96	0.706	0.656
chr22	50682224	50682510	287	15	157	0.547	0.701
chr22	50682800	50683933	1134	114	760	0.67	0.91
chr22	50689191	50690168	978	98	721	0.737	0.738
chr22	50699381	50700359	979	131	764	0.78	0.88
chr22	50705455	50706513	1059	121	770	0.727	0.869
chr22	50708297	50709097	801	101	618	0.772	0.849
chr22	50709281	50709764	484	43	337	0.696	0.739
chr22	50709904	50710454	551	60	411	0.746	0.786
chr22	50713834	50714025	192	15	123	0.641	0.789
chr22	50714250	50714488	239	15	163	0.682	0.546
chr22	50714639	50714816	178	16	138	0.775	0.727
chr22	50716068	50716657	590	41	382	0.647	0.673
chr22	50717416	50717586	171	12	120	0.702	0.608
chr22	50718897	50722626	3730	252	2505	0.672	0.599
chr22	50723716	50724226	511	34	381	0.746	0.596
chr22	50724455	50725787	1333	80	909	0.682	0.519
chr22	50726163	50726484	322	27	231	0.717	0.653
chr22	50727369	50729208	1840	119	1204	0.654	0.606
chr22	50731871	50732082	212	18	163	0.769	0.575
chr22	50738055	50738994	940	113	716	0.762	0.83
chr22	50739843	50739988	146	9	94	0.644	0.596
chr22	50745447	50746111	665	89	523	0.786	0.866
chr22	50753013	50753264	252	16	168	0.667	0.59
chr22	50754870	50754990	121	7	83	0.686	0.495
chr22	50765088	50766173	1086	148	820	0.755	0.956
chr22	50780900	50781092	193	12	98	0.508	0.991
chr22	50781237	50781457	221	18	166	0.751	0.582
chr22	50781597	50782000	404	65	327	0.809	0.997
chr22	50806406	50806655	250	15	134	0.536	0.842
chr22	50845211	50845405	195	13	110	0.564	0.842
chr22	50853126	50853423	298	14	186	0.624	0.488
chr22	50862757	50862958	202	26	129	0.639	1.376
chr22	50869715	50869886	172	12	108	0.628	0.72
chr22	50870595	50871116	522	30	352	0.674	0.506
chr22	50872896	50873575	680	42	481	0.707	0.528
chr22	50874819	50874941	123	13	85	0.691	0.914
chr22	50875552	50876733	1182	55	725	0.613	0.495
chr22	50885313	50885770	458	36	310	0.677	0.687
chr22	50892961	50893782	822	43	536	0.652	0.493
chr22	50897714	50899101	1388	81	930	0.67	0.52
chr22	50899411	50899677	267	13	162	0.607	0.529
chr22	50900006	50900874	869	50	574	0.661	0.538
chr22	50902822	50903723	902	53	595	0.66	0.541
chr22	50912551	50913805	1255	142	948	0.755	0.819
chr22	50919512	50920377	866	105	672	0.776	0.813
chr22	50924466	50924578	113	6	76	0.673	0.504
chr22	50927976	50928094	119	9	81	0.681	0.67
chr22	50929381	50929588	208	10	124	0.596	0.545
chr22	50942629	50943378	750	42	528	0.704	0.466
chr22	50944292	50944607	316	21	210	0.665	0.602
chr22	50945925	50947153	1229	131	887	0.722	0.836
chr22	50962002	50962335	334	21	200	0.599	0.706
chr22	50963360	50965232	1873	206	1375	0.734	0.818
chr22	50967875	50970971	3097	310	2203	0.711	0.792
chr22	50976445	50976842	398	15	204	0.513	0.597
chr22	50981241	50981346	106	8	61	0.575	1.01
chr22	50982599	50982907	309	38	213	0.689	1.04
chr22	50985023	50985952	930	92	703	0.756	0.693
chr22	50986930	50988125	1196	105	850	0.711	0.695
chr22	51000671	51001793	1123	75	762	0.679	0.704
chr22	51016254	51017005	752	73	550	0.731	0.728
chr22	51020596	51022145	1550	162	1078	0.695	0.868
chr22	51038534	51039720	1187	155	914	0.77	0.913
chr22	51042321	51043408	1088	151	821	0.755	0.975
chr22	51043894	51044106	213	17	142	0.667	0.721
chr22	51046945	51047260	316	18	227	0.718	0.492
chr22	51059426	51059557	132	9	70	0.53	0.99
chr22	51065327	51067040	1714	131	1182	0.69	0.65
chr22	51111936	51113761	1826	218	1409	0.772	0.816
chr22	51117213	51117308	96	7	61	0.635	0.724
chr22	51134748	51134890	143	8	79	0.552	0.733
chr22	51135158	51135321	164	16	121	0.738	0.718
chr22	51135706	51136530	825	94	615	0.745	0.821
chr22	51142320	51143468	1149	62	735	0.64	0.528
chr22	51144286	51144456	171	15	115	0.673	0.798
chr22	51149329	51149708	380	37	241	0.634	1.03
chr22	51158468	51160895	2428	225	1761	0.725	0.712
chr22	51168478	51168827	350	18	218	0.623	0.531
chr22	51169039	51170124	1086	114	789	0.727	0.801
chr22	51170275	51170506	232	17	174	0.75	0.522
chr22	51183224	51183308	85	8	50	0.588	1.349
chr22	51193808	51194009	202	14	114	0.564	0.875
chr22	51195377	51195602	226	18	134	0.593	0.907
chr22	51221736	51222318	583	64	425	0.729	0.827
chr22	51222453	51222731	279	12	156	0.559	0.571
